-4.0 -4.0 -26.33577638965007
-3.7949 -4.0 -26.10825577926531
-3.5897 -4.0 -25.859369644417242
-3.3846 -4.0 -25.58349797478602
-3.1795 -4.0 -25.2720676551044
-2.9744 -4.0 -24.912973245807617
-2.7692 -4.0 -24.488934642136567
-2.5641 -4.0 -23.976897437489765
-2.359 -4.0 -23.345443035620814
-2.1538 -4.0 -22.554282704701805
-1.9487 -4.0 -21.55591921856518
-1.7436 -4.0 -20.295338126227076
-1.5385 -4.0 -18.715607888264824
-1.3333 -4.0 -16.762850724884164
-1.1282 -4.0 -14.398157158471646
-0.9231 -4.0 -11.600077989664815
-0.7179 -4.0 -8.373200720929436
-0.5128 -4.0 -4.757177408098921
-0.3077 -4.0 -0.8161595100343813
-0.1026 -4.0 3.360835196611375
0.1026 -4.0 7.672776431551147
0.3077 -4.0 12.00893977021074
0.5128 -4.0 16.27165952626669
0.7179 -4.0 20.375500187733987
0.9231 -4.0 24.255444532213254
1.1282 -4.0 27.860593637763696
1.3333 -4.0 31.164335640516185
1.5385 -4.0 34.155402347573165
1.7436 -4.0 36.83093722214242
1.9487 -4.0 39.20199174016563
2.1538 -4.0 41.28455990806861
2.359 -4.0 43.099381452437214
2.5641 -4.0 44.666479638928
2.7692 -4.0 46.008913200305166
2.9744 -4.0 47.14858717734201
3.1795 -4.0 48.104466463244975
3.3846 -4.0 48.8956098390803
3.5897 -4.0 49.53880040539593
3.7949 -4.0 50.04943564276565
4.0 -4.0 50.44072483061865
-4.0 -3.7949 -24.35765233301017
-3.7949 -3.7949 -24.158767501617103
-3.5897 -3.7949 -23.940684594787353
-3.3846 -3.7949 -23.69828313280888
-3.1795 -3.7949 -23.42369548099182
-2.9744 -3.7949 -23.105716038880356
-2.7692 -3.7949 -22.72825282467389
-2.5641 -3.7949 -22.26969312690382
-2.359 -3.7949 -21.700499567814678
-2.1538 -3.7949 -20.982679639565674
-1.9487 -3.7949 -20.07129033364527
-1.7436 -3.7949 -18.914225443227828
-1.5385 -3.7949 -17.457450107967624
-1.3333 -3.7949 -15.64973131817166
-1.1282 -3.7949 -13.45381605009535
-0.9231 -3.7949 -10.848879663922371
-0.7179 -3.7949 -7.838559811546364
-0.5128 -3.7949 -4.45943549815349
-0.3077 -3.7949 -0.7712118902315849
-0.1026 -3.7949 3.1428966165874175
0.1026 -3.7949 7.188124325400228
0.3077 -3.7949 11.260242775986304
0.5128 -3.7949 15.266867138638375
0.7179 -3.7949 19.126714069913
0.9231 -3.7949 22.777400163887116
1.1282 -3.7949 26.169686321936123
1.3333 -3.7949 29.27725467354278
1.5385 -3.7949 32.08848704960169
1.7436 -3.7949 34.600087223729176
1.9487 -3.7949 36.82229309888222
2.1538 -3.7949 38.77040041666114
2.359 -3.7949 40.46445187072242
2.5641 -3.7949 41.923974691183005
2.7692 -3.7949 43.171329899433566
2.9744 -3.7949 44.22768702945949
3.1795 -3.7949 45.11131643184519
3.3846 -3.7949 45.84038891664551
3.5897 -3.7949 46.43079875407559
3.7949 -3.7949 46.89702170424008
4.0 -3.7949 47.25142457089595
-4.0 -3.5897 -22.34142231865884
-3.7949 -3.5897 -22.171118931272673
-3.5897 -3.5897 -21.983711729519566
-3.3846 -3.5897 -21.77455877745375
-3.1795 -3.5897 -21.536471259673345
-2.9744 -3.5897 -21.259110437531337
-2.7692 -3.5897 -20.92753211696561
-2.5641 -3.5897 -20.52151893478973
-2.359 -3.5897 -20.013361227982948
-2.1538 -3.5897 -19.36730471085292
-1.9487 -3.5897 -18.540905401801734
-1.7436 -3.5897 -17.48491534164212
-1.5385 -3.5897 -16.14816418126043
-1.3333 -3.5897 -14.482058966910799
-1.1282 -3.5897 -12.45104561128126
-0.9231 -3.5897 -10.035014322349323
-0.7179 -3.5897 -7.236800020030088
-0.5128 -3.5897 -4.090115449651186
-0.3077 -3.5897 -0.6504579487206213
-0.1026 -3.5897 3.0045057775956545
0.1026 -3.5897 6.786031367403808
0.3077 -3.5897 10.596173460222873
0.5128 -3.5897 14.347671167165316
0.7179 -3.5897 17.963295323867676
0.9231 -3.5897 21.38326253162683
1.1282 -3.5897 24.56003009861421
1.3333 -3.5897 27.467678317177786
1.5385 -3.5897 30.094408349210205
1.7436 -3.5897 32.43671813442006
1.9487 -3.5897 34.504297327734186
2.1538 -3.5897 36.312022412536166
2.359 -3.5897 37.879499001763506
2.5641 -3.5897 39.225987925665486
2.7692 -3.5897 40.373321826123615
2.9744 -3.5897 41.34205061500246
3.1795 -3.5897 42.149822620637295
3.3846 -3.5897 42.81394610303205
3.5897 -3.5897 43.349423528106996
3.7949 -3.5897 43.76978385818214
4.0 -3.5897 44.08651418226735
-4.0 -3.3846 -20.28776324395246
-3.7949 -3.3846 -20.14600930665063
-3.5897 -3.3846 -19.989168563075687
-3.3846 -3.3846 -19.81305536444626
-3.1795 -3.3846 -19.611131394406268
-2.9744 -3.3846 -19.37388959010465
-2.7692 -3.3846 -19.087490302135514
-2.5641 -3.3846 -18.733061424600432
-2.359 -3.3846 -18.284662695830434
-2.1538 -3.3846 -17.708713971755756
-1.9487 -3.3846 -16.965207786962182
-1.7436 -3.3846 -16.00769562237012
-1.5385 -3.3846 -14.787829472494032
-1.3333 -3.3846 -13.259640809548447
-1.1282 -3.3846 -11.389306528848657
-0.9231 -3.3846 -9.157512497081251
-0.7179 -3.3846 -6.566431375395383
-0.5128 -3.3846 -3.647115407016514
-0.3077 -3.3846 -0.4510972295796633
-0.1026 -3.3846 2.9492363128890147
0.1026 -3.3846 6.470900551984729
0.3077 -3.3846 10.021996391459869
0.5128 -3.3846 13.520206902008185
0.7179 -3.3846 16.89224055139208
0.9231 -3.3846 20.080872149666916
1.1282 -3.3846 23.04029667093047
1.3333 -3.3846 25.745116997543317
1.5385 -3.3846 28.183553578924073
1.7436 -3.3846 30.352164064520466
1.9487 -3.3846 32.26038067149568
2.1538 -3.3846 33.92294928917647
2.359 -3.3846 35.359290159921514
2.5641 -3.3846 36.58860129111084
2.7692 -3.3846 37.632322672570844
2.9744 -3.3846 38.51046535815232
3.1795 -3.3846 39.240095819078306
3.3846 -3.3846 39.83766320471046
3.5897 -3.3846 40.31726187245121
3.7949 -3.3846 40.691444454423824
4.0 -3.3846 40.9707813933715
-4.0 -3.1795 -18.194797711911907
-3.7949 -3.1795 -18.081631235157477
-3.5897 -3.1795 -17.955317396479494
-3.3846 -3.1795 -17.812104148378904
-3.1795 -3.1795 -17.64607487907822
-2.9744 -3.1795 -17.44851831631187
-2.7692 -3.1795 -17.20665519482154
-2.5641 -3.1795 -16.902907240706114
-2.359 -3.1795 -16.513043607830618
-2.1538 -3.1795 -16.00559195063458
-1.9487 -3.1795 -15.342915709426663
-1.7436 -3.1795 -14.481302958396917
-1.5385 -3.1795 -13.3751805542877
-1.3333 -3.1795 -11.98118201139424
-1.1282 -3.1795 -10.267239169274253
-0.9231 -3.1795 -8.214905279923974
-0.7179 -3.1795 -5.825821989957655
-0.5128 -3.1795 -3.1285791458046925
-0.3077 -3.1795 -0.17098283832071953
-0.1026 -3.1795 2.9795929659898994
0.1026 -3.1795 6.245658646299397
0.3077 -3.1795 9.541118621208035
0.5128 -3.1795 12.788416112991925
0.7179 -3.1795 15.918083237582076
0.9231 -3.1795 18.875425594975336
1.1282 -3.1795 21.616444369960483
1.3333 -3.1795 24.116429215951193
1.5385 -3.1795 26.363863256880737
1.7436 -3.1795 28.355662248968176
1.9487 -3.1795 30.101304768624537
2.1538 -3.1795 31.61567846843143
2.359 -3.1795 32.918226510400224
2.5641 -3.1795 34.028221736689495
2.7692 -3.1795 34.966776860832766
2.9744 -3.1795 35.75337933300554
3.1795 -3.1795 36.40449859900328
3.3846 -3.1795 36.935692570527685
3.5897 -3.1795 37.36011121952514
3.7949 -3.1795 37.68929598168495
4.0 -3.1795 37.93286657044319
-4.0 -2.9744 -16.062152888454982
-3.7949 -2.9744 -15.977671613929916
-3.5897 -2.9744 -15.88190449154729
-3.3846 -2.9744 -15.771509948794332
-3.1795 -2.9744 -15.641163781206382
-2.9744 -2.9744 -15.482913898394404
-2.7692 -2.9744 -15.284996314273052
-2.5641 -2.9744 -15.031073825197323
-2.359 -2.9744 -14.698563346179242
-2.1538 -2.9744 -14.258031771944687
-1.9487 -2.9744 -13.674144880732054
-1.7436 -2.9744 -12.905860704898016
-1.5385 -2.9744 -11.910328598334507
-1.3333 -2.9744 -10.646755608170432
-1.1282 -2.9744 -9.084845210114
-0.9231 -2.9744 -7.207081525474738
-0.7179 -2.9744 -5.014697800938264
-0.5128 -2.9744 -2.5340118046840168
-0.3077 -2.9744 0.19066531223247377
-0.1026 -2.9744 3.0967102372768314
0.1026 -2.9744 6.11186807299056
0.3077 -2.9744 9.155609877543519
0.5128 -2.9744 12.154968419286886
0.7179 -2.9744 15.044210277045428
0.9231 -2.9744 17.77118484902696
1.1282 -2.9744 20.293821162083766
1.3333 -2.9744 22.588320092287933
1.5385 -2.9744 24.643723009875096
1.7436 -2.9744 26.45762593620763
1.9487 -2.9744 28.039844427503798
2.1538 -2.9744 29.405623532929205
2.359 -2.9744 30.57454772420978
2.5641 -2.9744 31.565990260159815
2.7692 -2.9744 32.40069469767883
2.9744 -2.9744 33.09754844020916
3.1795 -2.9744 33.672336995496885
3.3846 -2.9744 34.13965311707681
3.5897 -2.9744 34.511646202869535
3.7949 -2.9744 34.79881089791709
4.0 -2.9744 35.009791784388895
-4.0 -2.7692 -13.889087332774675
-3.7949 -2.7692 -13.833462966300297
-3.5897 -2.7692 -13.768338181385296
-3.3846 -2.7692 -13.690758841662692
-3.1795 -2.7692 -13.595964083837256
-2.9744 -2.7692 -13.47672463967515
-2.7692 -2.7692 -13.322247069450713
-2.5641 -2.7692 -13.117382833082248
-2.359 -2.7692 -12.841135553884618
-2.1538 -2.7692 -12.466043522807183
-1.9487 -2.7692 -11.959006885136866
-1.7436 -2.7692 -11.281587579486764
-1.5385 -2.7692 -10.393605173105053
-1.3333 -2.7692 -9.25681099111446
-1.1282 -2.7692 -7.842694519607056
-0.9231 -2.7692 -6.134730183381614
-0.7179 -2.7692 -4.133859080705706
-0.5128 -2.7692 -1.86430809110764
-0.3077 -2.7692 0.6328869050151912
-0.1026 -2.7692 3.299606881684826
0.1026 -2.7692 6.068593018133462
0.3077 -2.7692 8.864676723690279
0.5128 -2.7692 11.619353281233627
0.7179 -2.7692 14.270594083696281
0.9231 -2.7692 16.7688805128952
1.1282 -2.7692 19.074272694079387
1.3333 -2.7692 21.164181787018826
1.5385 -2.7692 23.028549461792423
1.7436 -2.7692 24.66596942365101
1.9487 -2.7692 26.086825793403428
2.1538 -2.7692 27.306825779063228
2.359 -2.7692 28.345672778711705
2.5641 -2.7692 29.222713772299837
2.7692 -2.7692 29.958149609093127
2.9744 -2.7692 30.57008876125831
3.1795 -2.7692 31.07347311852427
3.3846 -2.7692 31.481819961284636
3.5897 -2.7692 31.806209871801066
3.7949 -2.7692 32.05606271986936
4.0 -2.7692 32.23904118595184
-4.0 -2.5641 -11.678927585813828
-3.7949 -2.5641 -11.652358402491245
-3.5897 -2.5641 -11.617999144711042
-3.3846 -2.5641 -11.573260069001622
-3.1795 -2.5641 -11.51391463377343
-2.9744 -2.5641 -11.433420100633805
-2.7692 -2.5641 -11.321908996522184
-2.5641 -2.5641 -11.16536926605134
-2.359 -2.5641 -10.94433065319993
-2.1538 -2.5641 -10.633235745350857
-1.9487 -2.5641 -10.201152132980623
-1.7436 -2.5641 -9.612181131131914
-1.5385 -2.5641 -8.828762134427475
-1.3333 -2.5641 -7.815163630520189
-1.1282 -2.5641 -6.544677304664523
-0.9231 -2.5641 -5.001828215033555
-0.7179 -2.5641 -3.187380270841475
-0.5128 -2.5641 -1.1236452855963381
-0.3077 -2.5641 1.1514079898848157
-0.1026 -2.5641 3.5839394981054267
0.1026 -2.5641 6.11148233085041
0.3077 -2.5641 8.664074005021766
0.5128 -2.5641 11.17761764802539
0.7179 -2.5641 13.593851446314519
0.9231 -2.5641 15.866080224343694
1.1282 -2.5641 17.956794216864324
1.3333 -2.5641 19.8449805774259
1.5385 -2.5641 21.521836135183463
1.7436 -2.5641 22.987209340694477
1.9487 -2.5641 24.25216194144945
2.1538 -2.5641 25.33280045808022
2.359 -2.5641 26.248746515541388
2.5641 -2.5641 27.01902752266967
2.7692 -2.5641 27.663002886696063
2.9744 -2.5641 28.197739938207352
3.1795 -2.5641 28.637128802327194
3.3846 -2.5641 28.993487591606197
3.5897 -2.5641 29.27676655330771
3.7949 -2.5641 29.49530373001332
4.0 -2.5641 29.655799994725715
-4.0 -2.359 -9.432890227522858
-3.7949 -2.359 -9.435630463797352
-3.5897 -2.359 -9.43222151240104
-3.3846 -2.359 -9.4204161035028
-3.1795 -2.359 -9.396494619515293
-2.9744 -2.359 -9.354566726250946
-2.7692 -2.359 -9.285649347817913
-2.5641 -2.359 -9.176818659082604
-2.359 -2.359 -9.01007538681824
-2.1538 -2.359 -8.761706525910338
-1.9487 -2.359 -8.40288913303021
-1.7436 -2.359 -7.900210631112035
-1.5385 -2.359 -7.218692857581652
-1.3333 -2.359 -6.325108551393632
-1.1282 -2.359 -5.194580774700139
-0.9231 -2.359 -3.8127559897947343
-0.7179 -2.359 -2.180339997930157
-0.5128 -2.359 -0.3178977695030725
-0.3077 -2.359 1.7394828577813284
-0.1026 -2.359 3.9420577366702263
0.1026 -2.359 6.232013580569603
0.3077 -2.359 8.544532868257416
0.5128 -2.359 10.819987181125224
0.7179 -2.359 13.004073091465251
0.9231 -2.359 15.053235259695384
1.1282 -2.359 16.93278526952789
1.3333 -2.359 18.62368368767443
1.5385 -2.359 20.118689993818847
1.7436 -2.359 21.419034344359442
1.9487 -2.359 22.536382387569713
2.1538 -2.359 23.486975912804105
2.359 -2.359 24.289974397979556
2.5641 -2.359 24.963653450070176
2.7692 -2.359 25.526149538002006
2.9744 -2.359 25.993188979702676
3.1795 -2.359 26.37739488914964
3.3846 -2.359 26.68977829412027
3.5897 -2.359 26.939122531753465
3.7949 -2.359 27.132705517935328
4.0 -2.359 27.27631492423847
-4.0 -2.1538 -7.153328481122984
-3.7949 -2.1538 -7.18566590797476
-3.5897 -2.1538 -7.213433016145237
-3.3846 -2.1538 -7.23470471722166
-3.1795 -2.1538 -7.246243206326053
-2.9744 -2.1538 -7.242779540400789
-2.7692 -2.1538 -7.216177802505348
-2.5641 -2.1538 -7.154559912654246
-2.359 -2.1538 -7.041350415211758
-2.1538 -2.1538 -6.854631466622234
-1.9487 -2.1538 -6.56764504098981
-1.7436 -2.1538 -6.149428419601737
-1.5385 -2.1538 -5.5675684954819875
-1.3333 -2.1538 -4.791351604001318
-1.1282 -2.1538 -3.797782501943454
-0.9231 -2.1538 -2.57371768945475
-0.7179 -2.1538 -1.1199329114605592
-0.5128 -2.1538 0.5445935232934183
-0.3077 -2.1538 2.3874974497788357
-0.1026 -2.1538 4.363005479265992
0.1026 -2.1538 6.417909103045959
0.3077 -2.1538 8.492596836274105
0.5128 -2.1538 10.532110939331645
0.7179 -2.1538 12.486441761068916
0.9231 -2.1538 14.315606013013369
1.1282 -2.1538 15.988181871117167
1.3333 -2.1538 17.487467867980357
1.5385 -2.1538 18.807971069704866
1.7436 -2.1538 19.952237988690452
1.9487 -2.1538 20.932251410943575
2.1538 -2.1538 21.763934159668292
2.359 -2.1538 22.465469100862943
2.5641 -2.1538 23.053876158953415
2.7692 -2.1538 23.545672923712694
2.9744 -2.1538 23.954965705568263
3.1795 -2.1538 24.292932933416118
3.3846 -2.1538 24.569212497850504
3.5897 -2.1538 24.791421757170998
3.7949 -2.1538 24.965830459117825
4.0 -2.1538 25.097385939259485
-4.0 -1.9487 -4.847227590554306
-3.7949 -1.9487 -4.909404647358898
-3.5897 -1.9487 -4.968534810843307
-3.3846 -1.9487 -5.022996425741422
-3.1795 -1.9487 -5.070010454263811
-2.9744 -1.9487 -5.104901239720484
-2.7692 -1.9487 -5.120346851540247
-2.5641 -1.9487 -5.105478089557476
-2.359 -1.9487 -5.045103870771692
-2.1538 -1.9487 -4.919062732197693
-1.9487 -1.9487 -4.70263057354299
-1.7436 -1.9487 -4.367275589440641
-1.5385 -1.9487 -3.883153069118211
-1.3333 -1.9487 -3.222095658358479
-1.1282 -1.9487 -2.3630627928356946
-0.9231 -1.9487 -1.2942287321287604
-0.7179 -1.9487 -0.016576502418307146
-0.5128 -1.9487 1.4523515561649645
-0.3077 -1.9487 3.082791019144822
-0.1026 -1.9487 4.832879142385673
0.1026 -1.9487 6.654061163605937
0.3077 -1.9487 8.492119889288503
0.5128 -1.9487 10.29710670566744
0.7179 -1.9487 12.023760532392277
0.9231 -1.9487 13.63616947677849
1.1282 -1.9487 15.10660750427839
1.3333 -1.9487 16.420966378400824
1.5385 -1.9487 17.57550271196064
1.7436 -1.9487 18.57379989415466
1.9487 -1.9487 19.427682589785416
2.1538 -1.9487 20.152174633277518
2.359 -1.9487 20.763918271498834
2.5641 -1.9487 21.278188832800854
2.7692 -1.9487 21.709544534690455
2.9744 -1.9487 22.07026249003247
3.1795 -1.9487 22.369966522068523
3.3846 -1.9487 22.616909098737644
3.5897 -1.9487 22.817581057699595
3.7949 -1.9487 22.977319719875688
4.0 -1.9487 23.100319732379706
-4.0 -1.7436 -2.519519080564207
-3.7949 -1.7436 -2.611726767544561
-3.5897 -1.7436 -2.7023649116238704
-3.3846 -1.7436 -2.7900986348140244
-3.1795 -1.7436 -2.872587427029302
-2.9744 -1.7436 -2.945724731654813
-2.7692 -1.7436 -3.0029748676850514
-2.5641 -1.7436 -3.034448055384145
-2.359 -1.7436 -3.0263081832224135
-2.1538 -1.7436 -2.960124743537382
-1.9487 -1.7436 -2.8131934189259047
-1.7436 -1.7436 -2.5594152680854236
-1.5385 -1.7436 -2.1715413829553145
-1.3333 -1.7436 -1.624009272102088
-1.1282 -1.7436 -0.8978291533812598
-0.9231 -1.7436 0.017382153468017417
-0.7179 -1.7436 1.1202928215644412
-0.5128 -1.7436 2.3946635801646443
-0.3077 -1.7436 3.813248644591585
-0.1026 -1.7436 5.338109127483095
0.1026 -1.7436 6.925493162675185
0.3077 -1.7436 8.526884305378296
0.5128 -1.7436 10.097791106164289
0.7179 -1.7436 11.598228754950892
0.9231 -1.7436 12.996860993541185
1.1282 -1.7436 14.270007748924604
1.3333 -1.7436 15.40625617089342
1.5385 -1.7436 16.403426410635717
1.7436 -1.7436 17.26568854160968
1.9487 -1.7436 18.00412434674107
2.1538 -1.7436 18.632247913150408
2.359 -1.7436 19.164634377686852
2.5641 -1.7436 19.61440730319031
2.7692 -1.7436 19.993918390840573
2.9744 -1.7436 20.313491226963823
3.1795 -1.7436 20.5811531693584
3.3846 -1.7436 20.803802392815307
3.5897 -1.7436 20.98686727444618
3.7949 -1.7436 21.13483720725041
4.0 -1.7436 21.251242589318473
-4.0 -1.5385 -0.1773537495259814
-3.7949 -1.5385 -0.29965562163127957
-3.5897 -1.5385 -0.4218271924011161
-3.3846 -1.5385 -0.5428053453022671
-3.1795 -1.5385 -0.6606699350667493
-2.9744 -1.5385 -0.7718623171324277
-2.7692 -1.5385 -0.8706094759770292
-2.5641 -1.5385 -0.9479774058857006
-2.359 -1.5385 -0.9914632762809703
-2.1538 -1.5385 -0.9843522880129961
-1.9487 -1.5385 -0.9059585219255533
-1.7436 -1.5385 -0.7326331221765526
-1.5385 -1.5385 -0.43976727940140486
-1.3333 -1.5385 -0.004478788935881996
-1.1282 -1.5385 0.5900621189214521
-0.9231 -1.5385 1.3526648659619955
-0.7179 -1.5385 2.281512404481778
-0.5128 -1.5385 3.361557678114158
-0.3077 -1.5385 4.568031841032846
-0.1026 -1.5385 5.866990354499713
0.1026 -1.5385 7.219701636669594
0.3077 -1.5385 8.583723643714334
0.5128 -1.5385 9.920513272875512
0.7179 -1.5385 11.195887383533531
0.9231 -1.5385 12.383525875258508
1.1282 -1.5385 13.464023594385507
1.3333 -1.5385 14.428613842303562
1.5385 -1.5385 15.276356621467592
1.7436 -1.5385 16.011476871133674
1.9487 -1.5385 16.64372105302775
2.1538 -1.5385 17.18454273668742
2.359 -1.5385 17.64602377129865
2.5641 -1.5385 18.038843121601193
2.7692 -1.5385 18.37299813518464
2.9744 -1.5385 18.656809675082403
3.1795 -1.5385 18.896718334889655
3.3846 -1.5385 19.098324415286484
3.5897 -1.5385 19.266066550064753
3.7949 -1.5385 19.403666657864967
4.0 -1.5385 19.514070126794063
-4.0 -1.3333 2.172476920105711
-3.7949 -1.3333 2.0201993223769925
-3.5897 -1.3333 1.8666436728575893
-3.3846 -1.3333 1.7126151473895497
-3.1795 -1.3333 1.5596303018279796
-2.9744 -1.3333 1.4107189489728107
-2.7692 -1.3333 1.2709121178388134
-2.5641 -1.3333 1.1482074904956707
-2.359 -1.3333 1.0537909750938588
-2.1538 -1.3333 1.0026700747984898
-1.9487 -1.3333 1.0135054585602081
-1.7436 -1.3333 1.1074697731853396
-1.5385 -1.3333 1.306478941300045
-1.3333 -1.3333 1.6306532304962258
-1.1282 -1.3333 2.0945519592824917
-0.9231 -1.3333 2.7052853393255116
-0.7179 -1.3333 3.4604289895890568
-0.5128 -1.3333 4.346040438061939
-0.3077 -1.3333 5.339814647020162
-0.1026 -1.3333 6.411901032283427
0.1026 -1.3333 7.528826664720911
0.3077 -1.3333 8.654599679579338
0.5128 -1.3333 9.757087214150738
0.7179 -1.3333 10.808365383732738
0.9231 -1.3333 11.787467834395196
1.1282 -1.3333 12.67937586632289
1.3333 -1.3333 13.477819745908416
1.5385 -1.3333 14.182725680316757
1.7436 -1.3333 14.797861530975204
1.9487 -1.3333 15.331125479101711
2.1538 -1.3333 15.791476763286221
2.359 -1.3333 16.18820071079066
2.5641 -1.3333 16.52934898465877
2.7692 -1.3333 16.822495413919903
2.9744 -1.3333 17.073958151683467
3.1795 -1.3333 17.28862758439235
3.3846 -1.3333 17.47086791488551
3.5897 -1.3333 17.624194905398628
3.7949 -1.3333 17.751629885053358
4.0 -1.3333 17.855596965952152
-4.0 -1.1282 4.5194782659979005
-3.7949 -1.1282 4.337637884530744
-3.5897 -1.1282 4.153138462075113
-3.3846 -1.1282 3.9665408871858165
-3.1795 -1.1282 3.7789750979259473
-2.9744 -1.1282 3.5929611160756205
-2.7692 -1.1282 3.4128086511831697
-2.5641 -1.1282 3.245598021849257
-2.359 -1.1282 3.1012145359955436
-2.1538 -1.1282 2.992967102314471
-1.9487 -1.1282 2.9374850610649634
-1.7436 -1.1282 2.9534416293721115
-1.5385 -1.1282 3.060012765394503
-1.3333 -1.1282 3.2744852288745028
-1.1282 -1.1282 3.609052144923581
-0.9231 -1.1282 4.069018621386656
-0.7179 -1.1282 4.651252091741356
-0.5128 -1.1282 5.3428437122419234
-0.3077 -1.1282 6.123944765813319
-0.1026 -1.1282 6.968883630062604
0.1026 -1.1282 7.8496429461507855
0.3077 -1.1282 8.736983287641515
0.5128 -1.1282 9.605542620987972
0.7179 -1.1282 10.433993972800533
0.9231 -1.1282 11.206944510031839
1.1282 -1.1282 11.913785826733932
1.3333 -1.1282 12.550564271313126
1.5385 -1.1282 13.11773472460385
1.7436 -1.1282 13.618195604022683
1.9487 -1.1282 14.05761768269344
2.1538 -1.1282 14.442172147480024
2.359 -1.1282 14.778164486707968
2.5641 -1.1282 15.070927372111965
2.7692 -1.1282 15.32559624240785
2.9744 -1.1282 15.546513044471373
3.1795 -1.1282 15.737063067403188
3.3846 -1.1282 15.900429486797881
3.5897 -1.1282 16.039259003821797
3.7949 -1.1282 16.15592243802131
4.0 -1.1282 16.25236962558615
-4.0 -0.9231 6.857040305420424
-3.7949 -0.9231 6.646359021668741
-3.5897 -0.9231 6.431660773185575
-3.3846 -0.9231 6.2132758144317535
-3.1795 -0.9231 5.991964868832605
-2.9744 -0.9231 5.769757458916109
-2.7692 -0.9231 5.5502630152552825
-2.5641 -0.9231 5.339663468632129
-2.359 -0.9231 5.146560569998883
-2.1538 -0.9231 4.982574777043834
-1.9487 -0.9231 4.8623005499542185
-1.7436 -0.9231 4.801894045803458
-1.5385 -0.9231 4.817753694778438
-1.3333 -0.9231 4.924276139833212
-1.1282 -0.9231 5.131212411624011
-0.9231 -0.9231 5.44198012234542
-0.7179 -0.9231 5.852659025894489
-0.5128 -0.9231 6.351312448945359
-0.3077 -0.9231 6.92052934623381
-0.1026 -0.9231 7.538860047836712
0.1026 -0.9231 8.18386313199275
0.3077 -0.9231 8.833244932940614
0.5128 -0.9231 9.468649286215745
0.7179 -0.9231 10.075562439551081
0.9231 -0.9231 10.644295197926185
1.1282 -0.9231 11.16864104324621
1.3333 -0.9231 11.646817598668717
1.5385 -0.9231 12.079568464450112
1.7436 -0.9231 12.468649453480458
1.9487 -0.9231 12.817269463082058
2.1538 -0.9231 13.128644857733736
2.359 -0.9231 13.406010632535736
2.5641 -0.9231 13.651948157707158
2.7692 -0.9231 13.869165604280099
2.9744 -0.9231 14.060059892556184
3.1795 -0.9231 14.226549504755562
3.3846 -0.9231 14.370676020717097
3.5897 -0.9231 14.494253204313987
3.7949 -0.9231 14.599033199349464
4.0 -0.9231 14.686521839844085
-4.0 -0.7179 9.179848108055486
-3.7949 -0.7179 8.941396820774896
-3.5897 -0.7179 8.697590073852808
-3.3846 -0.7179 8.448541493997695
-3.1795 -0.7179 8.194660945288861
-2.9744 -0.7179 7.93750763441032
-2.7692 -0.7179 7.680012975793661
-2.5641 -0.7179 7.427480527291736
-2.359 -0.7179 7.187247674149845
-2.1538 -0.7179 6.9692598941128505
-1.9487 -0.7179 6.7860781048991985
-1.7436 -0.7179 6.651332472830173
-1.5385 -0.7179 6.57861950598509
-1.3333 -0.7179 6.579407959545834
-1.1282 -0.7179 6.660953603122133
-0.9231 -0.7179 6.8247283951239215
-0.7179 -0.7179 7.065962809130902
-0.5128 -0.7179 7.3736307348869055
-0.3077 -0.7179 7.732713216656305
-0.1026 -0.7179 8.125962788608886
0.1026 -0.7179 8.536536385279211
0.3077 -0.7179 8.94915465528047
0.5128 -0.7179 9.352574122732502
0.7179 -0.7179 9.739204446750813
0.9231 -0.7179 10.105133161508373
1.1282 -0.7179 10.448557526473152
1.3333 -0.7179 10.76979740229545
1.5385 -0.7179 11.069767965628683
1.7436 -0.7179 11.348953218986537
1.9487 -0.7179 11.607997050123494
2.1538 -0.7179 11.847096963871955
2.359 -0.7179 12.066392829176783
2.5641 -0.7179 12.26571794748334
2.7692 -0.7179 12.445373164191238
2.9744 -0.7179 12.60583537429111
3.1795 -0.7179 12.747581589254716
3.3846 -0.7179 12.87153369835151
3.5897 -0.7179 12.978691296840053
3.7949 -0.7179 13.07020326557491
4.0 -0.7179 13.147147181061511
-4.0 -0.5128 11.48145561850539
-3.7949 -0.5128 11.216705365681738
-3.5897 -0.5128 10.945278813366254
-3.3846 -0.5128 10.667087714362271
-3.1795 -0.5128 10.382210987651465
-2.9744 -0.5128 10.091759368080755
-2.7692 -0.5128 9.798010799973015
-2.5641 -0.5128 9.505412836185258
-2.359 -0.5128 9.220061708169311
-2.1538 -0.5128 8.95024718251287
-1.9487 -0.5128 8.70650586122221
-1.7436 -0.5128 8.49994544675338
-1.5385 -0.5128 8.341353364619607
-1.3333 -0.5128 8.239255382745036
-1.1282 -0.5128 8.198383733614302
-0.9231 -0.5128 8.2182303779355
-0.7179 -0.5128 8.29312842143494
-0.5128 -0.5128 8.412891473582464
-0.3077 -0.5128 8.564808195587492
-0.1026 -0.5128 8.73573827022515
0.1026 -0.5128 8.914352385959983
0.3077 -0.5128 9.092327287674797
0.5128 -0.5128 9.26551914773369
0.7179 -0.5128 9.433283013223665
0.9231 -0.5128 9.59752261499894
1.1282 -0.5128 9.760872256080715
1.3333 -0.5128 9.925772603046456
1.5385 -0.5128 10.093314316158208
1.7436 -0.5128 10.262709403213654
1.9487 -0.5128 10.432043257259991
2.1538 -0.5128 10.598510454755303
2.359 -0.5128 10.759178471590603
2.5641 -0.5128 10.911158061654918
2.7692 -0.5128 11.052364807280606
2.9744 -0.5128 11.181372224229383
3.1795 -0.5128 11.297228617095447
3.3846 -0.5128 11.399743110983607
3.5897 -0.5128 11.489105694970776
3.7949 -0.5128 11.565864418961237
4.0 -0.5128 11.630672938435369
-4.0 -0.3077 13.762012335931507
-3.7949 -0.3077 13.472770575895334
-3.5897 -0.3077 13.175544932873521
-3.3846 -0.3077 12.870060325275837
-3.1795 -0.3077 12.556085422779315
-2.9744 -0.3077 12.234304929175922
-2.7692 -0.3077 11.906368594052257
-2.5641 -0.3077 11.575890656845823
-2.359 -0.3077 11.24775051652867
-2.1538 -0.3077 10.928603463693156
-1.9487 -0.3077 10.626974271714781
-1.7436 -0.3077 10.351458389891157
-1.5385 -0.3077 10.110037607048223
-1.3333 -0.3077 9.90829472783436
-1.1282 -0.3077 9.748427276831695
-0.9231 -0.3077 9.627928463010402
-0.7179 -0.3077 9.540192134791868
-0.5128 -0.3077 9.47578791230671
-0.3077 -0.3077 9.424190507060157
-0.1026 -0.3077 9.376207439523059
0.1026 -0.3077 9.325853383654954
0.3077 -0.3077 9.27160980903123
0.5128 -0.3077 9.216339760011778
0.7179 -0.3077 9.166318791744136
0.9231 -0.3077 9.1293065672379
1.1282 -0.3077 9.112458679457491
1.3333 -0.3077 9.120443083905892
1.5385 -0.3077 9.154634110044128
1.7436 -0.3077 9.2130723301175
1.9487 -0.3077 9.291368764526947
2.1538 -0.3077 9.383781679957362
2.359 -0.3077 9.484353503327782
2.5641 -0.3077 9.587504496081579
2.7692 -0.3077 9.68878006119615
2.9744 -0.3077 9.7848541745221
3.1795 -0.3077 9.873344987682906
3.3846 -0.3077 9.952941178642257
3.5897 -0.3077 10.023014695586896
3.7949 -0.3077 10.083503858690754
4.0 -0.3077 10.134633015203597
-4.0 -0.1026 16.024517778508077
-3.7949 -0.1026 15.712884454520806
-3.5897 -0.1026 15.391968078532969
-3.3846 -0.1026 15.06132182761782
-3.1795 -0.1026 14.720425201919292
-2.9744 -0.1026 14.369559403110832
-2.7692 -0.1026 14.009771289323739
-2.5641 -0.1026 13.643863974123065
-2.359 -0.1026 13.275524336691968
-2.1538 -0.1026 12.909795049671883
-1.9487 -0.1026 12.553203347602208
-1.7436 -0.1026 12.211847541529195
-1.5385 -0.1026 11.89091572270347
-1.3333 -0.1026 11.59306007583975
-1.1282 -0.1026 11.317945756287733
-0.9231 -0.1026 11.061059374811927
-0.7179 -0.1026 10.814814988363938
-0.5128 -0.1026 10.570438919585506
-0.3077 -0.1026 10.31943501885167
-0.1026 -0.1026 10.056344387854164
0.1026 -0.1026 9.780288683681377
0.3077 -0.1026 9.496335204240694
0.5128 -0.1026 9.214209590887343
0.7179 -0.1026 8.947061134666146
0.9231 -0.1026 8.708560608452895
1.1282 -0.1026 8.510521364801159
1.3333 -0.1026 8.360020307843257
1.5385 -0.1026 8.25890529494497
1.7436 -0.1026 8.204219911703074
1.9487 -0.1026 8.189237972817644
2.1538 -0.1026 8.205379694879648
2.359 -0.1026 8.243722213001753
2.5641 -0.1026 8.296027296756087
2.7692 -0.1026 8.355476388241549
2.9744 -0.1026 8.416835670469032
3.1795 -0.1026 8.476279341376513
3.3846 -0.1026 8.531355934091028
3.5897 -0.1026 8.580600478655912
3.7949 -0.1026 8.62332373974373
4.0 -0.1026 8.659307742387
-4.0 0.1026 18.27758860734286
-3.7949 0.1026 17.945856725789813
-3.5897 0.1026 17.603544103177146
-3.3846 0.1026 17.250046706667828
-3.1795 0.1026 16.884575343414568
-2.9744 0.1026 16.50702909995309
-2.7692 0.1026 16.11787561591054
-2.5641 0.1026 15.719126638225427
-2.359 0.1026 15.313298239727333
-2.1538 0.1026 14.903839835265162
-1.9487 0.1026 14.495293837200194
-1.7436 0.1026 14.091277394971058
-1.5385 0.1026 13.694200901565035
-1.3333 0.1026 13.303805488275353
-1.1282 0.1026 12.917234554214659
-0.9231 0.1026 12.5279655606959
-0.7179 0.1026 12.12738926927466
-0.5128 0.1026 11.707273819592979
-0.3077 0.1026 11.260966128757852
-0.1026 0.1026 10.78648694156616
0.1026 0.1026 10.287784769390656
0.3077 0.1026 9.776257521404522
0.5128 0.1026 9.268329158757611
0.7179 0.1026 8.783980135503876
0.9231 0.1026 8.342877508048739
1.1282 0.1026 7.961681577296486
1.3333 0.1026 7.6501220159961445
1.5385 0.1026 7.410770191167466
1.7436 0.1026 7.239896511661108
1.9487 0.1026 7.128605468068456
2.1538 0.1026 7.065591777285018
2.359 0.1026 7.039027855418696
2.5641 0.1026 7.038042099831413
2.7692 0.1026 7.0534463036584985
2.9744 0.1026 7.0780777196850035
3.1795 0.1026 7.106640807370135
3.3846 0.1026 7.135513318041073
3.5897 0.1026 7.162365293397764
3.7949 0.1026 7.185854461071723
4.0 0.1026 7.205301085057683
-4.0 0.3077 20.531242528201926
-3.7949 0.3077 20.181811493527384
-3.5897 0.3077 19.820496666293828
-3.3846 0.3077 19.44655023803486
-3.1795 0.3077 19.05893344913172
-2.9744 0.3077 18.657182767055055
-2.7692 0.3077 18.241207896083186
-2.5641 0.3077 17.812246090816792
-2.359 0.3077 17.371661493278705
-2.1538 0.3077 16.921327448495287
-1.9487 0.3077 16.46381391205423
-1.7436 0.3077 16.000275529863355
-1.5385 0.3077 15.530367362356213
-1.3333 0.3077 15.050948326998414
-1.1282 0.3077 14.55666018652007
-0.9231 0.3077 14.038973788296396
-0.7179 0.3077 13.488209244061379
-0.5128 0.3077 12.896546285866206
-0.3077 0.3077 12.25896293171297
-0.1026 0.3077 11.5766738993774
0.1026 0.3077 10.858143661129604
0.3077 0.3077 10.12082367527311
0.5128 0.3077 9.387664539197376
0.7179 0.3077 8.685446127572984
0.9231 0.3077 8.039944920367528
1.1282 0.3077 7.472898767684729
1.3333 0.3077 6.996978597647639
1.5385 0.3077 6.6157696570316915
1.7436 0.3077 6.325024011544059
1.9487 0.3077 6.113862046937828
2.1538 0.3077 5.968371691134598
2.359 0.3077 5.873878748280224
2.5641 0.3077 5.816896331112325
2.7692 0.3077 5.785851133671267
2.9744 0.3077 5.771620424425213
3.1795 0.3077 5.7674041282405915
3.3846 0.3077 5.768370554709674
3.5897 0.3077 5.771289978670636
3.7949 0.3077 5.774136061961827
4.0 0.3077 5.775743169783529
-4.0 0.5128 22.8032046920238
-3.7949 0.5128 22.438420766908596
-3.5897 0.5128 22.06043377522402
-3.3846 0.5128 21.668363246836723
-3.1795 0.5128 21.260936859707986
-2.9744 0.5128 20.83734402247315
-2.7692 0.5128 20.396952874558796
-2.5641 0.5128 19.94023755700978
-2.359 0.5128 19.467423091676327
-2.1538 0.5128 18.978818256257963
-1.9487 0.5128 18.475029248195664
-1.7436 0.5128 17.954765716438004
-1.5385 0.5128 17.414952126625515
-1.3333 0.5128 16.84959865563223
-1.1282 0.5128 16.250870556854867
-0.9231 0.5128 15.608234952133445
-0.7179 0.5128 14.910887218120655
-0.5128 0.5128 14.151275283249014
-0.3077 0.5128 13.325778378781804
-0.1026 0.5128 12.43850359417347
0.1026 0.5128 11.50211194608422
0.3077 0.5128 10.539836542556477
0.5128 0.5128 9.581001168255353
0.7179 0.5128 8.659185042878157
0.9231 0.5128 7.806427108189237
1.1282 0.5128 7.049817022396279
1.3333 0.5128 6.405292648852699
1.5385 0.5128 5.877770421224287
1.7436 0.5128 5.462754209588813
1.9487 0.5128 5.147567557181761
2.1538 0.5128 4.91580375386995
2.359 0.5128 4.749988014964087
2.5641 0.5128 4.634022546100872
2.7692 0.5128 4.553919335680102
2.9744 0.5128 4.498551982956893
3.1795 0.5128 4.459570514336582
3.3846 0.5128 4.430886259790343
3.5897 0.5128 4.408327850327047
3.7949 0.5128 4.389148179709756
4.0 0.5128 4.371666971268418
-4.0 0.7179 25.113770567061128
-3.7949 0.7179 24.735807843505654
-3.5897 0.7179 24.34329400298184
-3.3846 0.7179 23.935223602169618
-3.1795 0.7179 23.510102247269955
-2.9744 0.7179 23.066782567209472
-2.7692 0.7179 22.604101333070318
-2.5641 0.7179 22.121774794223125
-2.359 0.7179 21.61889542245219
-2.1538 0.7179 21.094214025531148
-1.9487 0.7179 20.546380201040424
-1.7436 0.7179 19.971677779598835
-1.5385 0.7179 19.364330990611176
-1.3333 0.7179 18.71554201456524
-1.1282 0.7179 18.01503130448984
-0.9231 0.7179 17.25026542609326
-0.7179 0.7179 16.409253592482216
-0.5128 0.7179 15.484555948508056
-0.3077 0.7179 14.473707918634155
-0.1026 0.7179 13.383397233291989
0.1026 0.7179 12.230161465916114
0.3077 0.7179 11.042757116787516
0.5128 0.7179 9.856752398027858
0.7179 0.7179 8.712560120879093
0.9231 0.7179 7.648672428087888
1.1282 0.7179 6.697841850512638
1.3333 0.7179 5.879626238911558
1.5385 0.7179 5.2006068211990675
1.7436 0.7179 4.65631507474191
1.9487 0.7179 4.232459878239008
2.1538 0.7179 3.910240989780992
2.359 0.7179 3.6694148686785804
2.5641 0.7179 3.4912629514191558
2.7692 0.7179 3.359339363028132
2.9744 0.7179 3.2604587922542594
3.1795 0.7179 3.184666610204874
3.3846 0.7179 3.124561949578104
3.5897 0.7179 3.074983881636879
3.7949 0.7179 3.032423076325388
4.0 0.7179 2.994652058468133
-4.0 0.9231 27.486885475784298
-3.7949 0.9231 27.097626936808503
-3.5897 0.9231 26.692424982487506
-3.3846 0.9231 26.270152124619244
-3.1795 0.9231 25.829097250827488
-2.9744 0.9231 25.367779648928796
-2.7692 0.9231 24.884507301044007
-2.5641 0.9231 24.378236844263405
-2.359 0.9231 23.846928239935202
-2.1538 0.9231 23.287776620214935
-1.9487 0.9231 22.697482360433767
-1.7436 0.9231 22.069926350321776
-1.5385 0.9231 21.396670457094526
-1.3333 0.9231 20.666157594750835
-1.1282 0.9231 19.865701124690773
-0.9231 0.9231 18.980768390936475
-0.7179 0.9231 17.998111540906788
-0.5128 0.9231 16.910234183836312
-0.3077 0.9231 15.715570126760776
-0.1026 0.9231 14.423071396134567
0.1026 0.9231 13.052839262571625
0.3077 0.9231 11.638917878700227
0.5128 0.9231 10.223023580074253
0.7179 0.9231 8.852476971283929
0.9231 0.9231 7.572454200867182
1.1282 0.9231 6.421717609796891
1.3333 0.9231 5.423821446994344
1.5385 0.9231 4.5873559151615915
1.7436 0.9231 3.9081553986435
1.9487 0.9231 3.370485535923699
2.1538 0.9231 2.9532380790956747
2.359 0.9231 2.6334150796936053
2.5641 0.9231 2.3896509174281593
2.7692 0.9231 2.2029837996852892
2.9744 0.9231 2.058101950927209
3.1795 0.9231 1.9433815812118445
3.3846 0.9231 1.850046598864
3.5897 0.9231 1.77189257780869
3.7949 0.9231 1.7046018444200328
4.0 0.9231 1.6453635216777447
-4.0 1.1282 29.943933290635044
-3.7949 1.1282 29.544903110121197
-3.5897 1.1282 29.128477937555186
-3.3846 1.1282 28.693405404123986
-3.1795 1.1282 28.237755935122607
-2.9744 1.1282 27.75971155090715
-2.7692 1.1282 27.257046610308265
-2.5641 1.1282 26.72795098603003
-2.359 1.1282 26.169248662386135
-2.1538 1.1282 25.576581979166047
-1.9487 1.1282 24.944716375269113
-1.7436 1.1282 24.265163953913905
-1.5385 1.1282 23.526876980490005
-1.3333 1.1282 22.715601623344988
-1.1282 1.1282 21.816291141605095
-0.9231 1.1282 20.81241408873227
-0.7179 1.1282 19.689384691760466
-0.5128 1.1282 18.43946737775727
-0.3077 1.1282 17.06172289500174
-0.1026 1.1282 15.567045335148139
0.1026 1.1282 13.978791409657052
0.3077 1.1282 12.33607430765152
0.5128 1.1282 10.686686789000797
0.7179 1.1282 9.084960891696946
0.9231 1.1282 7.583015877860042
1.1282 1.1282 6.225994602342825
1.3333 1.1282 5.041837672644059
1.5385 1.1282 4.041492121915275
1.7436 1.1282 3.2213661516404057
1.9487 1.1282 2.5644425094786607
2.1538 1.1282 2.0473768046403764
2.359 1.1282 1.644416978135512
2.5641 1.1282 1.3315114815157516
2.7692 1.1282 1.087113715077166
2.9744 1.1282 0.8937092290407458
3.1795 1.1282 0.7379338428699909
3.3846 1.1282 0.6095679978756251
3.5897 1.1282 0.5013058625304886
3.7949 1.1282 0.40797227824302323
4.0 1.1282 0.326134381775804
-4.0 1.3333 32.50889526840494
-3.7949 1.3333 32.10119997701009
-3.5897 1.3333 31.674581506109785
-3.3846 1.3333 31.227652985796148
-3.1795 1.3333 30.75825646607003
-2.9744 1.3333 30.264224551003206
-2.7692 1.3333 29.742785203140286
-2.5641 1.3333 29.191349094967837
-2.359 1.3333 28.605597932333175
-2.1538 1.3333 27.979625892496223
-1.9487 1.3333 27.30628597478259
-1.7436 1.3333 26.57476727019893
-1.5385 1.3333 25.771478736384584
-1.3333 1.3333 24.8795424370541
-1.1282 1.3333 23.881602385894528
-0.9231 1.3333 22.75912173167457
-0.7179 1.3333 21.496081017227617
-0.5128 1.3333 20.084306887299306
-0.3077 1.3333 18.52320281980189
-0.1026 1.3333 16.82528056670011
0.1026 1.3333 15.016854227613962
0.3077 1.3333 13.141911820012064
0.5128 1.3333 11.254283105567561
0.7179 1.3333 9.41545259727818
0.9231 1.3333 7.684777331897237
1.1282 1.3333 6.114181265604327
1.3333 1.3333 4.736398460349111
1.5385 1.3333 3.5650855221693334
1.7436 1.3333 2.597490288970594
1.9487 1.3333 1.8154594011048069
2.1538 1.3333 1.1934673003150822
2.359 1.3333 0.7029905909179553
2.5641 1.3333 0.3172372035666277
2.7692 1.3333 0.011993179753241155
2.9744 1.3333 -0.2325457616691192
3.1795 1.3333 -0.43156385478571163
3.3846 1.3333 -0.5967989424023591
3.5897 1.3333 -0.7367211160540688
3.7949 1.3333 -0.8574159044297158
4.0 1.3333 -0.9629795812863619
-4.0 1.5385 35.20336060457068
-3.7949 1.5385 34.787696716015006
-3.5897 1.5385 34.351489084779935
-3.3846 1.5385 33.89319964584242
-3.1795 1.5385 33.410423963896974
-2.9744 1.5385 32.90062526759898
-2.7692 1.5385 32.36046550249892
-2.5641 1.5385 31.786560349863723
-2.359 1.5385 31.173442954620885
-2.1538 1.5385 30.51366922856385
-1.9487 1.5385 29.798213908129274
-1.7436 1.5385 29.01400302963685
-1.5385 1.5385 28.144982700034685
-1.3333 1.5385 27.171731961140264
-1.1282 1.5385 26.07463655168649
-0.9231 1.5385 24.83313625416929
-0.7179 1.5385 23.42966360903166
-0.5128 1.5385 21.85539043527267
-0.3077 1.5385 20.109764771637387
-0.1026 1.5385 18.20658847519617
0.1026 1.5385 16.17484373980673
0.3077 1.5385 14.063221153781145
0.5128 1.5385 11.931577536281802
0.7179 1.5385 9.84872553091931
0.9231 1.5385 7.8815880703622705
1.1282 1.5385 6.089299417109681
1.3333 1.5385 4.509811179860856
1.5385 1.5385 3.159847795505155
1.7436 1.5385 2.037758539492446
1.9487 1.5385 1.1243885904822466
2.1538 1.5385 0.3920707725081231
2.359 1.5385 -0.19052299921611812
2.5641 1.5385 -0.6529944109528995
2.7692 1.5385 -1.0223199295140484
2.9744 1.5385 -1.3206909011706378
3.1795 1.5385 -1.5651990107047657
3.3846 1.5385 -1.7691812094304475
3.5897 1.5385 -1.9423391985790874
3.7949 1.5385 -2.091725146410333
4.0 1.5385 -2.2221427008870216
-4.0 1.7436 38.040840701241535
-3.7949 1.7436 37.61755774926785
-3.5897 1.7436 37.17200888940527
-3.3846 1.7436 36.702481786110965
-3.1795 1.7436 36.20630043520407
-2.9744 1.7436 35.68053273731774
-2.7692 1.7436 35.12125084645503
-2.5641 1.7436 34.52425977773485
-2.359 1.7436 33.88294233567789
-2.1538 1.7436 33.1883363160695
-1.9487 1.7436 32.42958848338782
-1.7436 1.7436 31.591439398016153
-1.5385 1.7436 30.655468323864078
-1.3333 1.7436 29.599800316620275
-1.1282 1.7436 28.402611737930204
-0.9231 1.7436 27.041287972062467
-0.7179 1.7436 25.49657999250805
-0.5128 1.7436 23.75876894521978
-0.3077 1.7436 21.827035322740045
-0.1026 1.7436 19.71613836777053
0.1026 1.7436 17.457442817031296
0.3077 1.7436 15.10418192525128
0.5128 1.7436 12.722246917194386
0.7179 1.7436 10.38797453800761
0.9231 1.7436 8.17620129146623
1.1282 1.7436 6.153717182485352
1.3333 1.7436 4.364124522433056
1.5385 1.7436 2.8275756878836966
1.7436 1.7436 1.5437790813425007
1.9487 1.7436 0.4927044651884759
2.1538 1.7436 -0.3554275572824969
2.359 1.7436 -1.0347930917121015
2.5641 1.7436 -1.5778811606219802
2.7692 1.7436 -2.0145329072492304
2.9744 1.7436 -2.369429311751043
3.1795 1.7436 -2.6616608618646334
3.3846 1.7436 -2.906247310634517
3.5897 1.7436 -3.1141913864854205
3.7949 1.7436 -3.2935696441987345
4.0 1.7436 -3.449938180802007
-4.0 1.9487 41.03357776200857
-3.7949 1.9487 40.60275571257188
-3.5897 1.9487 40.147838961278495
-3.3846 1.9487 39.66691246570259
-3.1795 1.9487 39.1569979269469
-2.9744 1.9487 38.61473741107586
-2.7692 1.9487 38.035586858087456
-2.5641 1.9487 37.414526121619716
-2.359 1.9487 36.74379084145565
-2.1538 1.9487 36.012930111705835
-1.9487 1.9487 35.20932572680347
-1.7436 1.9487 34.3156220911162
-1.5385 1.9487 33.31113474684615
-1.3333 1.9487 32.17162198992975
-1.1282 1.9487 30.873088114690457
-0.9231 1.9487 29.390812907651643
-0.7179 1.9487 27.703709022371715
-0.5128 1.9487 25.80091137453134
-0.3077 1.9487 23.681008122629432
-0.1026 1.9487 21.35938036237653
0.1026 1.9487 18.86949650908312
0.3077 1.9487 16.26898891413032
0.5128 1.9487 13.629813018530266
0.7179 1.9487 11.036052808783252
0.9231 1.9487 8.570833655278577
1.1282 1.9487 6.309071694379227
1.3333 1.9487 4.3004697436618855
1.5385 1.9487 2.568975810809672
1.7436 1.9487 1.1159146370686641
1.9487 1.9487 -0.07950085866538938
2.1538 1.9487 -1.0491435842872439
2.359 1.9487 -1.8300926667094233
2.5641 1.9487 -2.4578128733164197
2.7692 1.9487 -2.9651215191476585
2.9744 1.9487 -3.3792992340490873
3.1795 1.9487 -3.7215323354511547
3.3846 1.9487 -4.008611429226405
3.5897 1.9487 -4.252912903646138
3.7949 1.9487 -4.463597830801411
4.0 1.9487 -4.647021581157511
-4.0 2.1538 44.18689152878164
-3.7949 2.1538 43.74845661457434
-3.5897 2.1538 43.28399563251773
-3.3846 2.1538 42.79135897365618
-3.1795 2.1538 42.2672320860409
-2.9744 2.1538 41.70779870599564
-2.7692 2.1538 41.10787218156256
-2.5641 2.1538 40.46159601194434
-2.359 2.1538 39.76006839710165
-2.1538 2.1538 38.99138864771002
-1.9487 2.1538 38.14124724152256
-1.7436 2.1538 37.19028971749353
-1.5385 2.1538 36.11567271249011
-1.3333 2.1538 34.890867638830564
-1.1282 2.1538 33.489727758091625
-0.9231 2.1538 31.885354099899523
-0.7179 2.1538 30.05464181548283
-0.5128 2.1538 27.985306162193123
-0.3077 2.1538 25.675007655955987
-0.1026 2.1538 23.13941123534022
0.1026 2.1538 20.4138147258883
0.3077 2.1538 17.56011714478194
0.5128 2.1538 14.656383769133194
0.7179 2.1538 11.794688623520683
0.9231 2.1538 9.066842135695376
1.1282 2.1538 6.556376611468858
1.3333 2.1538 4.3195593508436145
1.5385 2.1538 2.384509195881228
1.7436 2.1538 0.7544256580442683
1.9487 2.1538 -0.5921208109153064
2.1538 2.1538 -1.6890848098570126
2.359 2.1538 -2.576511271560497
2.5641 2.1538 -3.292936333683736
2.7692 2.1538 -3.8742712083834743
2.9744 2.1538 -4.350511100941747
3.1795 2.1538 -4.7450388791442295
3.3846 2.1538 -5.076506809845724
3.5897 2.1538 -5.3587395651295155
3.7949 2.1538 -5.602044300275842
4.0 2.1538 -5.813623520937151
-4.0 2.359 47.502245482414516
-3.7949 2.359 47.056083611809825
-3.5897 2.359 46.58187379814368
-3.3846 2.359 46.07719868868659
-3.1795 2.359 45.53837267978394
-2.9744 2.359 44.96108891697734
-2.7692 2.359 44.33949366427099
-2.5641 2.359 43.66688678342543
-2.359 2.359 42.93324459581313
-2.1538 2.359 42.12526224501714
-1.9487 2.359 41.227017689649664
-1.7436 2.359 40.21725565837386
-1.5385 2.359 39.07107215320522
-1.3333 2.359 37.75971679154195
-1.1282 2.359 36.254891107414615
-0.9231 2.359 34.5274202158673
-0.7179 2.359 32.55198085973164
-0.5128 2.359 30.314579406268077
-0.3077 2.359 27.811605294276873
-0.1026 2.359 25.058668201953207
0.1026 2.359 22.092625872873054
0.3077 2.359 18.979521912331567
0.5128 2.359 15.80359211427732
0.7179 2.359 12.665162914622416
0.9231 2.359 9.665148000798176
1.1282 2.359 6.896207851163929
1.3333 2.359 4.421655547437258
1.5385 2.359 2.2741668310283387
1.7436 2.359 0.45907869556966446
1.9487 2.359 -1.0455683109914462
2.1538 2.359 -2.275803895293817
2.359 2.359 -3.274708383010719
2.5641 2.359 -4.083991604323679
2.7692 2.359 -4.742782468456055
2.9744 2.359 -5.2839106215813745
3.1795 2.359 -5.733059986650375
3.3846 2.359 -6.110838205999783
3.5897 2.359 -6.432594986824073
3.7949 2.359 -6.709846694882842
4.0 2.359 -6.950691954193589
-4.0 2.5641 50.97135487972236
-3.7949 2.5641 50.517429160711174
-3.5897 2.5641 50.03336657621996
-3.3846 2.5641 49.51645023588761
-3.1795 2.5641 48.96259091145045
-2.9744 2.5641 48.366962088807874
-2.7692 2.5641 47.72302300680009
-2.5641 2.5641 47.023228026342366
-2.359 2.5641 46.25645345336555
-2.1538 2.5641 45.408041419045794
-1.9487 2.5641 44.46053811040987
-1.7436 2.5641 43.390882489739994
-1.5385 2.5641 42.17219801097695
-1.3333 2.5641 40.77356110286299
-1.1282 2.5641 39.16449988417764
-0.9231 2.5641 37.31344675784954
-0.7179 2.5641 35.1926440238827
-0.5128 2.5641 32.78609058320424
-0.3077 2.5641 30.088558641939656
-0.1026 2.5641 27.115264196951404
0.1026 2.5641 23.904357486143546
0.3077 2.5641 20.525906206790875
0.5128 2.5641 17.07037953708306
0.7179 2.5641 13.646621796486787
0.9231 2.5641 10.365072971702386
1.1282 2.5641 7.328039508943942
1.3333 2.5641 4.606367564044415
1.5385 2.5641 2.237680500877812
1.7436 2.5641 0.22971814953811814
1.9487 2.5641 -1.4398950580358654
2.1538 2.5641 -2.809257135919516
2.359 2.5641 -3.9245534344592605
2.5641 2.5641 -4.830769863796874
2.7692 2.5641 -5.570376509212756
2.9744 2.5641 -6.179156776796647
3.1795 2.5641 -6.685199538310845
3.3846 2.5641 -7.111160763848783
3.5897 2.5641 -7.473991231052764
3.7949 2.5641 -7.7864789676680815
4.0 2.5641 -8.057667154692815
-4.0 2.7692 54.58688982730216
-3.7949 2.7692 54.1253121151483
-3.5897 2.7692 53.631468739751995
-3.3846 2.7692 53.102314536334504
-3.1795 2.7692 52.53332791631355
-2.9744 2.7692 51.91913788728665
-2.7692 2.7692 51.252501397005716
-2.5641 2.7692 50.52502930755129
-2.359 2.7692 49.72452267032278
-2.1538 2.7692 48.83502169383156
-1.9487 2.7692 47.8376158262617
-1.7436 2.7692 46.70752183946521
-1.5385 2.7692 45.41596049360193
-1.3333 2.7692 43.929861007543835
-1.1282 2.7692 42.216531991365834
-0.9231 2.7692 40.24187600684029
-0.7179 2.7692 37.97547077761129
-0.5128 2.7692 35.39900163541412
-0.3077 2.7692 32.50527626163095
-0.1026 2.7692 29.308780664157865
0.1026 2.7692 25.84869393919522
0.3077 2.7692 22.198992300014424
0.5128 2.7692 18.456448469621257
0.7179 2.7692 14.738700719068344
0.9231 2.7692 11.166152325551105
1.1282 2.7692 7.851289348790544
1.3333 2.7692 4.872993009260397
1.5385 2.7692 2.27423622991306
1.7436 2.7692 0.06543378617570202
1.9487 2.7692 -1.7760899288530183
2.1538 2.7692 -3.2904951610732853
2.359 2.7692 -4.527144328828845
2.5641 2.7692 -5.534404705217318
2.7692 2.7692 -6.358213858764926
2.9744 2.7692 -7.037430629390926
3.1795 2.7692 -7.602654526288022
3.3846 2.7692 -8.078684141685429
3.5897 2.7692 -8.484148300700424
3.7949 2.7692 -8.833169799215641
4.0 2.7692 -9.13578524887491
-4.0 2.9744 58.33911341447246
-3.7949 2.9744 57.87019763985291
-3.5897 2.9744 57.366878742558534
-3.3846 2.9744 56.825759143768984
-3.1795 2.9744 56.241861524069684
-2.9744 2.9744 55.60925099208726
-2.7692 2.9744 54.919972118015885
-2.5641 2.9744 54.16479746651826
-2.359 2.9744 53.33047866129454
-2.1538 2.9744 52.39980192037921
-1.9487 2.9744 51.35246519266265
-1.7436 2.9744 50.16203129210879
-1.5385 2.9744 48.79786713083503
-1.3333 2.9744 47.224757376712304
-1.1282 2.9744 45.40772212726608
-0.9231 2.9744 43.30998004080682
-0.7179 2.9744 40.89820412157221
-0.5128 2.9744 38.151456001874095
-0.3077 2.9744 35.06023264945572
-0.1026 2.9744 31.63795630450812
0.1026 2.9744 27.92457374260793
0.3077 2.9744 23.997856078103894
0.5128 2.9744 19.96095327776089
0.7179 2.9744 15.940580200749542
0.9231 2.9744 12.067550883764998
1.1282 2.9744 8.46507799659197
1.3333 2.9744 5.220593497104657
1.5385 2.9744 2.382833241340731
1.7436 2.9744 -0.03483311252400078
1.9487 2.9744 -2.0552612018026997
2.1538 2.9744 -3.7206664126614206
2.359 2.9744 -5.0836610586505415
2.5641 2.9744 -6.196100589375851
2.7692 2.9744 -7.107518076225229
2.9744 2.9744 -7.859970965531003
3.1795 2.9744 -8.486676248956977
3.3846 2.9744 -9.014670295760062
3.5897 2.9744 -9.464337543253082
3.7949 2.9744 -9.8511990542496
4.0 2.9744 -10.186333984980866
-4.0 3.1795 62.21122381568668
-3.7949 3.1795 61.73551934957842
-3.5897 3.1795 61.22330129800652
-3.3846 3.1795 60.670801670255145
-3.1795 3.1795 60.072571028341734
-2.9744 3.1795 59.42209800693222
-2.7692 3.1795 58.7107110104306
-2.5641 3.1795 57.92835315594683
-2.359 3.1795 57.06075343714642
-2.1538 3.1795 56.08948830196012
-1.9487 3.1795 54.992918963601156
-1.7436 3.1795 53.74300745317813
-1.5385 3.1795 52.30729660017814
-1.3333 3.1795 50.6484101346529
-1.1282 3.1795 48.728994044222596
-0.9231 3.1795 46.509420218460775
-0.7179 3.1795 43.95321547308795
-0.5128 3.1795 41.036511116860375
-0.3077 3.1795 37.74715410002803
-0.1026 3.1795 34.09717395998231
0.1026 3.1795 30.127024406367287
0.3077 3.1795 25.918151645705088
0.5128 3.1795 21.580147011857978
0.7179 3.1795 17.249073315139295
0.9231 3.1795 13.066593534852334
1.1282 3.1795 9.167187678336855
1.3333 3.1795 5.647352747940043
1.5385 3.1795 2.562002772741115
1.7436 3.1795 -0.07225425721551434
1.9487 3.1795 -2.278328857118623
2.1538 3.1795 -4.100479077226291
2.359 3.1795 -5.594634491710818
2.5641 3.1795 -6.816240597312573
2.7692 3.1795 -7.818549222140846
2.9744 3.1795 -8.64693541804018
3.1795 3.1795 -9.33733705714854
3.3846 3.1795 -9.919120411863874
3.5897 3.1795 -10.414500647065703
3.7949 3.1795 -10.84045857870222
4.0 3.1795 -11.209163465643483
-4.0 3.3846 66.19133471947028
-3.7949 3.3846 65.7096116061029
-3.5897 3.3846 65.18932266832141
-3.3846 3.3846 64.62631757978805
-3.1795 3.3846 64.01466504922082
-2.9744 3.3846 63.347270793939664
-2.7692 3.3846 62.614748262537496
-2.5641 3.3846 61.806221688988536
-2.359 3.3846 60.90642251439664
-2.1538 3.3846 59.89575471820516
-1.9487 3.3846 58.75128392535426
-1.7436 3.3846 57.44340679525879
-1.5385 3.3846 55.93785111758611
-1.3333 3.3846 54.195043684279376
-1.1282 3.3846 52.17515465034693
-0.9231 3.3846 49.83553781210216
-0.7179 3.3846 47.13633074094919
-0.5128 3.3846 44.05043055669793
-0.3077 3.3846 40.562700205832094
-0.1026 3.3846 36.68345131588145
0.1026 3.3846 32.453384397743875
0.3077 3.3846 27.957497900653323
0.5128 3.3846 23.31188485183814
0.7179 3.3846 18.6622249932205
0.9231 3.3846 14.161469844898068
1.1282 3.3846 9.955912812657154
1.3333 3.3846 6.151638519334803
1.5385 3.3846 2.8101631507892066
1.7436 3.3846 -0.04837609780951089
1.9487 3.3846 -2.4468140312855673
2.1538 3.3846 -4.431435480242008
2.359 3.3846 -6.0615527157624
2.5641 3.3846 -7.3963021488796965
2.7692 3.3846 -8.492777054573404
2.9744 3.3846 -9.39978872181851
3.1795 3.3846 -10.156098997155796
3.3846 3.3846 -10.793495878113745
3.5897 3.3846 -11.336100072132776
3.7949 3.3846 -11.802413344853905
4.0 3.3846 -12.20574234218221
-4.0 3.5897 70.2660002855259
-3.7949 3.5897 69.77922904905292
-3.5897 3.5897 69.25192688655548
-3.3846 3.5897 68.67955539315086
-3.1795 3.5897 68.05569838181303
-2.9744 3.5897 67.37267832038222
-2.7692 3.5897 66.62039978449188
-2.5641 3.5897 65.78718026889193
-2.359 3.5897 64.8567769141933
-2.1538 3.5897 63.80845184126199
-1.9487 3.5897 62.618003610737254
-1.7436 3.5897 61.25428317645657
-1.5385 3.5897 59.681194931090765
-1.3333 3.5897 57.85691759310134
-1.1282 3.5897 55.73903285948008
-0.9231 3.5897 53.28170188140778
-0.7179 3.5897 50.44143303937621
-0.5128 3.5897 47.1875917709334
-0.3077 3.5897 43.50173064057424
-0.1026 3.5897 39.39212250107923
0.1026 3.5897 34.89945379151479
0.3077 3.5897 30.11214533956416
0.5128 3.5897 25.152842140554043
0.7179 3.5897 20.177099115667627
0.9231 3.5897 15.349588120403489
1.1282 3.5897 10.828958304826367
1.3333 3.5897 6.731405785289113
1.5385 3.5897 3.1254771875310174
1.7436 3.5897 0.03513517492881538
1.9487 3.5897 -2.562242951353904
2.1538 3.5897 -4.714947769457111
2.359 3.5897 -6.485735232656189
2.5641 3.5897 -7.937529915368013
2.7692 3.5897 -9.131386075062162
2.9744 3.5897 -10.119667249341887
3.1795 3.5897 -10.944060228439174
3.3846 3.5897 -11.63886472797695
3.5897 3.5897 -12.230180326406083
3.7949 3.5897 -12.738089711343218
4.0 3.5897 -13.177083228378127
-4.0 3.7949 74.42460075254488
-3.7949 3.7949 73.93391414581261
-3.5897 3.7949 73.40084195780722
-3.3846 3.7949 72.82045750813859
-3.1795 3.7949 72.18586257328009
-2.9744 3.7949 71.48880129880703
-2.7692 3.7949 70.71847941645777
-2.5641 3.7949 69.86242065190153
-2.359 3.7949 68.9034286504688
-2.1538 3.7949 67.81964742969568
-1.9487 3.7949 66.58562510784381
-1.7436 3.7949 65.16867230672617
-1.5385 3.7949 63.53084656846264
-1.3333 3.7949 61.6280149444453
-1.1282 3.7949 59.415049880156424
-0.9231 3.7949 56.84274394243528
-0.7179 3.7949 53.863740286512034
-0.5128 3.7949 50.44358151036861
-0.3077 3.7949 46.560190098943764
-0.1026 3.7949 42.219482517651755
0.1026 3.7949 37.46186861819026
0.3077 3.7949 32.37905461757714
0.5128 3.7949 27.100278219590137
0.7179 3.7949 21.79121845302809
0.9231 3.7949 16.6286935355543
1.1282 3.7949 11.784249559083397
1.3333 3.7949 7.384721605917039
1.5385 3.7949 3.5061211368376703
1.7436 3.7949 0.17653911366219185
1.9487 3.7949 -2.6262926603877412
2.1538 3.7949 -4.952644796775317
2.359 3.7949 -6.868774443772663
2.5641 3.7949 -8.441489117239792
2.7692 3.7949 -9.735921724014208
2.9744 3.7949 -10.808102639725377
3.1795 3.7949 -11.702743450771994
3.3846 3.7949 -12.456744648440106
3.5897 3.7949 -13.098257238485285
3.7949 3.7949 -13.649004158856865
4.0 3.7949 -14.124705230618236
-4.0 4.0 78.65152313711387
-3.7949 4.0 78.15817881271086
-3.5897 4.0 77.62072527640393
-3.3846 4.0 77.03385278637538
-3.1795 4.0 76.39018974737871
-2.9744 4.0 75.68091227073016
-2.7692 4.0 74.89454159786528
-2.5641 4.0 74.01782241319107
-2.359 4.0 73.0326247853286
-2.1538 4.0 71.91599404722893
-1.9487 4.0 70.64123636777624
-1.7436 4.0 69.17411810831747
-1.5385 4.0 67.47481764854551
-1.3333 4.0 65.49682153147106
-1.1282 4.0 63.19217176542352
-0.9231 4.0 60.5081229869932
-0.7179 4.0 57.39322891743563
-0.5128 4.0 53.80893165449302
-0.3077 4.0 49.729216703679455
-0.1026 4.0 45.15733351466555
0.1026 4.0 40.13315125628565
0.3077 4.0 34.75151145239096
0.5128 4.0 29.14826389041825
0.7179 4.0 23.49943336156861
0.9231 4.0 17.99438321278493
1.1282 4.0 12.818073892546554
1.3333 4.0 8.10849184845324
1.5385 4.0 3.949540829883112
1.7436 4.0 0.37374230594597374
1.9487 4.0 -2.6406697990884074
2.1538 4.0 -5.145912558935744
2.359 4.0 -7.211792666289997
2.5641 4.0 -8.909086568655614
2.7692 4.0 -10.307115023140216
2.9744 4.0 -11.4656825024115
3.1795 4.0 -12.43261926151199
3.3846 4.0 -13.247510527659411
3.5897 4.0 -13.94062724162909
3.7949 4.0 -14.535388663300955
4.0 4.0 -15.048787369063856
