-4.0000 -4.0000 -23.299211
-3.7949 -4.0000 -24.165784
-3.5897 -4.0000 -24.805130
-3.3846 -4.0000 -25.196710
-3.1795 -4.0000 -25.322769
-2.9744 -4.0000 -25.168599
-2.7692 -4.0000 -24.722772
-2.5641 -4.0000 -23.977329
-2.3590 -4.0000 -22.927937
-2.1538 -4.0000 -21.573999
-1.9487 -4.0000 -19.918735
-1.7436 -4.0000 -17.969202
-1.5385 -4.0000 -15.736280
-1.3333 -4.0000 -13.234611
-1.1282 -4.0000 -10.482489
-0.9231 -4.0000 -7.501710
-0.7179 -4.0000 -4.317373
-0.5128 -4.0000 -0.957639
-0.3077 -4.0000 2.546545
-0.1026 -4.0000 6.161772
0.1026 -4.0000 9.852526
0.3077 -4.0000 13.581573
0.5128 -4.0000 17.310375
0.7179 -4.0000 20.999537
0.9231 -4.0000 24.609269
1.1282 -4.0000 28.099866
1.3333 -4.0000 31.432201
1.5385 -4.0000 34.568222
1.7436 -4.0000 37.471454
1.9487 -4.0000 40.107495
2.1538 -4.0000 42.444499
2.3590 -4.0000 44.453655
2.5641 -4.0000 46.109635
2.7692 -4.0000 47.391021
2.9744 -4.0000 48.280704
3.1795 -4.0000 48.766246
3.3846 -4.0000 48.840199
3.5897 -4.0000 48.500385
3.7949 -4.0000 47.750127
4.0000 -4.0000 46.598423
-4.0000 -3.7949 -21.685679
-3.7949 -3.7949 -22.526675
-3.5897 -3.7949 -23.158218
-3.3846 -3.7949 -23.560394
-3.1795 -3.7949 -23.715838
-2.9744 -3.7949 -23.609993
-2.7692 -3.7949 -23.231340
-2.5641 -3.7949 -22.571597
-2.3590 -3.7949 -21.625877
-2.1538 -3.7949 -20.392814
-1.9487 -3.7949 -18.874645
-1.7436 -3.7949 -17.077246
-1.5385 -3.7949 -15.010137
-1.3333 -3.7949 -12.686432
-1.1282 -3.7949 -10.122747
-0.9231 -3.7949 -7.339072
-0.7179 -3.7949 -4.358589
-0.5128 -3.7949 -1.207458
-0.3077 -3.7949 2.085442
-0.1026 -3.7949 5.488814
0.1026 -3.7949 8.969269
0.3077 -3.7949 12.491693
0.5128 -3.7949 16.019643
0.7179 -3.7949 19.515762
0.9231 -3.7949 22.942222
1.1282 -3.7949 26.261184
1.3333 -3.7949 29.435263
1.5385 -3.7949 32.428012
1.7436 -3.7949 35.204399
1.9487 -3.7949 37.731287
2.1538 -3.7949 39.977906
2.3590 -3.7949 41.916308
2.5641 -3.7949 43.521808
2.7692 -3.7949 44.773405
2.9744 -3.7949 45.654165
3.1795 -3.7949 46.151580
3.3846 -3.7949 46.257887
3.5897 -3.7949 45.970345
3.7949 -3.7949 45.291463
4.0000 -3.7949 44.229185
-4.0000 -3.5897 -20.031297
-3.7949 -3.5897 -20.843265
-3.5897 -3.5897 -21.463569
-3.3846 -3.5897 -21.872943
-3.1795 -3.5897 -22.054436
-2.9744 -3.5897 -21.993661
-2.7692 -3.5897 -21.679033
-2.5641 -3.5897 -21.101967
-2.3590 -3.5897 -20.257045
-2.1538 -3.5897 -19.142148
-1.9487 -3.5897 -17.758547
-1.7436 -3.5897 -16.110960
-1.5385 -3.5897 -14.207558
-1.3333 -3.5897 -12.059941
-1.1282 -3.5897 -9.683062
-0.9231 -3.5897 -7.095114
-0.7179 -3.5897 -4.317373
-0.5128 -3.5897 -1.374004
-0.3077 -3.5897 1.708176
-0.1026 -3.5897 4.899976
0.1026 -3.5897 8.170131
0.3077 -3.5897 11.485651
0.5128 -3.5897 14.812185
0.7179 -3.5897 18.114419
0.9231 -3.5897 21.356495
1.1282 -3.5897 24.502444
1.3333 -3.5897 27.516636
1.5385 -3.5897 30.364237
1.7436 -3.5897 33.011673
1.9487 -3.5897 35.427087
2.1538 -3.5897 37.580795
2.3590 -3.5897 39.445733
2.5641 -3.5897 40.997879
2.7692 -3.5897 42.216664
2.9744 -3.5897 43.085351
3.1795 -3.5897 43.591386
3.3846 -3.5897 43.726711
3.5897 -3.5897 43.488042
3.7949 -3.5897 42.877100
4.0000 -3.5897 41.900795
-4.0000 -3.3846 -18.336066
-3.7949 -3.3846 -19.115556
-3.5897 -3.3846 -19.721183
-3.3846 -3.3846 -20.134358
-3.1795 -3.3846 -20.338561
-2.9744 -3.3846 -20.319603
-2.7692 -3.3846 -20.065851
-2.5641 -3.3846 -19.568440
-2.3590 -3.3846 -18.821440
-2.1538 -3.3846 -17.821999
-1.9487 -3.3846 -16.570444
-1.7436 -3.3846 -15.070344
-1.5385 -3.3846 -13.328543
-1.3333 -3.3846 -11.355140
-1.1282 -3.3846 -9.163434
-0.9231 -3.3846 -6.769836
-0.7179 -3.3846 -4.193725
-0.5128 -3.3846 -1.457277
-0.3077 -3.3846 1.414747
-0.1026 -3.3846 4.395257
0.1026 -3.3846 7.455113
0.3077 -3.3846 10.563446
0.5128 -3.3846 13.687999
0.7179 -3.3846 16.795508
0.9231 -3.3846 19.852087
1.1282 -3.3846 22.823647
1.3333 -3.3846 25.676320
1.5385 -3.3846 28.376899
1.7436 -3.3846 30.893277
1.9487 -3.3846 33.194892
2.1538 -3.3846 35.253166
2.3590 -3.3846 37.041930
2.5641 -3.3846 38.537846
2.7692 -3.3846 39.720798
2.9744 -3.3846 40.574264
3.1795 -3.3846 41.085664
3.3846 -3.3846 41.246670
3.5897 -3.3846 41.053476
3.7949 -3.3846 40.507037
4.0000 -3.3846 39.613255
-4.0000 -3.1795 -16.599986
-3.7949 -3.1795 -17.343546
-3.5897 -3.1795 -17.931060
-3.3846 -3.1795 -18.344637
-3.1795 -3.1795 -18.568215
-2.9744 -3.1795 -18.587819
-2.7692 -3.1795 -18.391795
-2.5641 -3.1795 -17.971016
-2.3590 -3.1795 -17.319064
-2.1538 -3.1795 -16.432370
-1.9487 -3.1795 -15.310334
-1.7436 -3.1795 -13.955399
-1.5385 -3.1795 -12.373092
-1.3333 -3.1795 -10.572027
-1.1282 -3.1795 -8.563864
-0.9231 -3.1795 -6.363239
-0.7179 -3.1795 -3.987645
-0.5128 -3.1795 -1.457277
-0.3077 -3.1795 1.205155
-0.1026 -3.1795 3.974658
0.1026 -3.1795 6.824215
0.3077 -3.1795 9.725077
0.5128 -3.1795 12.647087
0.7179 -3.1795 15.559029
0.9231 -3.1795 18.428998
1.1282 -3.1795 21.224792
1.3333 -3.1795 23.914316
1.5385 -3.1795 26.465997
1.7436 -3.1795 28.849210
1.9487 -3.1795 31.034704
2.1538 -3.1795 32.995018
2.3590 -3.1795 34.704900
2.5641 -3.1795 36.141711
2.7692 -3.1795 37.285806
2.9744 -3.1795 38.120903
3.1795 -3.1795 38.634415
3.3846 -3.1795 38.817763
3.5897 -3.1795 38.666646
3.7949 -3.1795 38.181274
4.0000 -3.1795 37.366564
-4.0000 -2.9744 -14.823057
-3.7949 -2.9744 -15.527236
-3.5897 -2.9744 -16.093201
-3.3846 -2.9744 -16.503781
-3.1795 -2.9744 -16.743396
-2.9744 -2.9744 -16.798308
-2.7692 -2.9744 -16.656863
-2.5641 -2.9744 -16.309696
-2.3590 -2.9744 -15.749915
-2.1538 -2.9744 -14.973259
-1.9487 -2.9744 -13.978218
-1.7436 -2.9744 -12.766124
-1.5385 -2.9744 -11.341205
-1.3333 -2.9744 -9.710602
-1.1282 -2.9744 -7.884351
-0.9231 -2.9744 -5.875323
-0.7179 -2.9744 -3.699133
-0.5128 -2.9744 -1.374004
-0.3077 -2.9744 1.079400
-0.1026 -2.9744 3.638179
0.1026 -2.9744 6.277437
0.3077 -2.9744 8.970545
0.5128 -2.9744 11.689447
0.7179 -2.9744 14.404982
0.9231 -2.9744 17.087229
1.1282 -2.9744 19.705881
1.3333 -2.9744 22.230622
1.5385 -2.9744 24.631530
1.7436 -2.9744 26.879474
1.9487 -2.9744 28.946522
2.1538 -2.9744 30.806351
2.3590 -2.9744 32.434642
2.5641 -2.9744 33.809472
2.7692 -2.9744 34.911690
2.9744 -2.9744 35.725268
3.1795 -2.9744 36.237638
3.3846 -2.9744 36.439991
3.5897 -2.9744 36.327552
3.7949 -2.9744 35.899811
4.0000 -2.9744 35.160721
-4.0000 -2.7692 -13.005280
-3.7949 -2.7692 -13.666626
-3.5897 -2.7692 -14.207605
-3.3846 -2.7692 -14.611791
-3.1795 -2.7692 -14.864104
-2.9744 -2.7692 -14.951071
-2.7692 -2.7692 -14.861057
-2.5641 -2.7692 -14.584478
-2.3590 -2.7692 -14.113994
-2.1538 -2.7692 -13.444666
-1.9487 -2.7692 -12.574096
-1.7436 -2.7692 -11.502519
-1.5385 -2.7692 -10.232882
-1.3333 -2.7692 -8.770866
-1.1282 -2.7692 -7.124895
-0.9231 -2.7692 -5.306088
-0.7179 -2.7692 -3.328190
-0.5128 -2.7692 -1.207458
-0.3077 -2.7692 1.037481
-0.1026 -2.7692 3.385820
0.1026 -2.7692 5.814778
0.3077 -2.7692 8.299850
0.5128 -2.7692 10.815081
0.7179 -2.7692 13.333366
0.9231 -2.7692 15.826779
1.1282 -2.7692 18.266912
1.3333 -2.7692 20.625241
1.5385 -2.7692 22.873500
1.7436 -2.7692 24.984067
1.9487 -2.7692 26.930346
2.1538 -2.7692 28.687166
2.3590 -2.7692 30.231156
2.5641 -2.7692 31.541131
2.7692 -2.7692 32.598448
2.9744 -2.7692 33.387359
3.1795 -2.7692 33.895333
3.3846 -2.7692 34.113354
3.5897 -2.7692 34.036195
3.7949 -2.7692 33.662649
4.0000 -2.7692 32.995727
-4.0000 -2.5641 -11.146653
-3.7949 -2.5641 -11.761715
-3.5897 -2.5641 -12.274273
-3.3846 -2.5641 -12.668666
-3.1795 -2.5641 -12.930341
-2.9744 -2.5641 -13.046109
-2.7692 -2.5641 -13.004376
-2.5641 -2.5641 -12.795364
-2.3590 -2.5641 -12.411300
-2.1538 -2.5641 -11.846592
-1.9487 -2.5641 -11.097967
-1.7436 -2.5641 -10.164585
-1.5385 -2.5641 -9.048122
-1.3333 -2.5641 -7.752819
-1.1282 -2.5641 -6.285496
-0.9231 -2.5641 -4.655533
-0.7179 -2.5641 -2.874814
-0.5128 -2.5641 -0.957639
-0.3077 -2.5641 1.079400
-0.1026 -2.5641 3.217581
0.1026 -2.5641 5.436239
0.3077 -2.5641 7.712992
0.5128 -2.5641 10.023987
0.7179 -2.5641 12.344183
0.9231 -2.5641 14.647648
1.1282 -2.5641 16.907885
1.3333 -2.5641 19.098170
1.5385 -2.5641 21.191906
1.7436 -2.5641 23.162989
1.9487 -2.5641 24.986177
2.1538 -2.5641 26.637462
2.3590 -2.5641 28.094443
2.5641 -2.5641 29.336686
2.7692 -2.5641 30.346081
2.9744 -2.5641 31.107176
3.1795 -2.5641 31.607500
3.3846 -2.5641 31.837852
3.5897 -2.5641 31.792575
3.7949 -2.5641 31.469787
4.0000 -2.5641 30.871583
-4.0000 -2.3590 -9.247178
-3.7949 -2.3590 -9.812504
-3.5897 -2.3590 -10.293204
-3.3846 -2.3590 -10.674405
-3.1795 -2.3590 -10.942105
-2.9744 -2.3590 -11.083420
-2.7692 -2.3590 -11.086820
-2.5641 -2.3590 -10.942352
-2.3590 -2.3590 -10.641834
-2.1538 -2.3590 -10.179037
-1.9487 -2.3590 -9.549832
-1.7436 -2.3590 -8.752321
-1.5385 -2.3590 -7.786927
-1.3333 -2.3590 -6.656461
-1.1282 -2.3590 -5.366155
-0.9231 -2.3590 -3.923659
-0.7179 -2.3590 -2.339006
-0.5128 -2.3590 -0.624547
-0.3077 -2.3590 1.205155
-0.1026 -2.3590 3.133461
0.1026 -2.3590 5.141820
0.3077 -2.3590 7.209971
0.5128 -2.3590 9.316167
0.7179 -2.3590 11.437432
0.9231 -2.3590 13.549837
1.1282 -2.3590 15.628802
1.3333 -2.3590 17.649411
1.5385 -2.3590 19.586748
1.7436 -2.3590 21.416242
1.9487 -2.3590 23.114014
2.1538 -2.3590 24.657240
2.3590 -2.3590 26.024502
2.5641 -2.3590 27.196138
2.7692 -2.3590 28.154588
2.9744 -2.3590 28.884720
3.1795 -2.3590 29.374139
3.3846 -2.3590 29.613485
3.5897 -2.3590 29.596692
3.7949 -2.3590 29.321225
4.0000 -2.3590 28.788287
-4.0000 -2.1538 -7.306853
-3.7949 -2.1538 -7.818993
-3.5897 -2.1538 -8.264399
-3.3846 -2.1538 -8.629010
-3.1795 -2.1538 -8.899397
-2.9744 -2.1538 -9.063005
-2.7692 -2.1538 -9.108390
-2.5641 -2.1538 -9.025444
-2.3590 -2.1538 -8.805596
-2.1538 -2.1538 -8.442000
-1.9487 -2.1538 -7.929691
-1.7436 -2.1538 -7.265727
-1.5385 -2.1538 -6.449295
-1.3333 -2.1538 -5.481792
-1.1282 -2.1538 -4.366871
-0.9231 -2.1538 -3.110465
-0.7179 -2.1538 -1.720767
-0.5128 -2.1538 -0.208182
-0.3077 -2.1538 1.414747
-0.1026 -2.1538 3.133461
0.1026 -2.1538 4.931521
0.3077 -2.1538 6.790786
0.5128 -2.1538 8.691619
0.7179 -2.1538 10.613112
0.9231 -2.1538 12.533345
1.1282 -2.1538 14.429661
1.3333 -2.1538 16.278963
1.5385 -2.1538 18.058027
1.7436 -2.1538 19.743824
1.9487 -2.1538 21.313857
2.1538 -2.1538 22.746499
2.3590 -2.1538 24.021333
2.5641 -2.1538 25.119487
2.7692 -2.1538 26.023971
2.9744 -2.1538 26.719989
3.1795 -2.1538 27.195251
3.3846 -2.1538 27.440253
3.5897 -2.1538 27.448545
3.7949 -2.1538 27.216963
4.0000 -2.1538 26.745840
-4.0000 -1.9487 -5.325680
-3.7949 -1.9487 -5.781182
-3.5897 -1.9487 -6.187857
-3.3846 -1.9487 -6.532480
-3.1795 -1.9487 -6.802217
-2.9744 -1.9487 -6.984863
-2.7692 -1.9487 -7.069084
-2.5641 -1.9487 -7.044638
-2.3590 -1.9487 -6.902586
-2.1538 -1.9487 -6.635481
-1.9487 -1.9487 -6.237543
-1.7436 -1.9487 -5.704804
-1.5385 -1.9487 -5.035228
-1.3333 -1.9487 -4.228811
-1.1282 -1.9487 -3.287644
-0.9231 -1.9487 -2.215952
-0.7179 -1.9487 -1.020095
-0.5128 -1.9487 0.291455
-0.3077 -1.9487 1.708176
-0.1026 -1.9487 3.217581
0.1026 -1.9487 4.805341
0.3077 -1.9487 6.455439
0.5128 -1.9487 8.150345
0.7179 -1.9487 9.871225
0.9231 -1.9487 11.598173
1.1282 -1.9487 13.310463
1.3333 -1.9487 14.986826
1.5385 -1.9487 16.605741
1.7436 -1.9487 18.145735
1.9487 -1.9487 19.585706
2.1538 -1.9487 20.905240
2.3590 -1.9487 22.084936
2.5641 -1.9487 23.106734
2.7692 -1.9487 23.954228
2.9744 -1.9487 24.612985
3.1795 -1.9487 25.070835
3.3846 -1.9487 25.318156
3.5897 -1.9487 25.348134
3.7949 -1.9487 25.157002
4.0000 -1.9487 24.744243
-4.0000 -1.7436 -3.303658
-3.7949 -1.7436 -3.699070
-3.5897 -1.7436 -4.063578
-3.3846 -1.7436 -4.384816
-3.1795 -1.7436 -4.650565
-2.9744 -1.7436 -4.848996
-2.7692 -1.7436 -4.968904
-2.5641 -1.7436 -4.999936
-2.3590 -1.7436 -4.932803
-2.1538 -1.7436 -4.759481
-1.9487 -1.7436 -4.473390
-1.7436 -1.7436 -4.069550
-1.5385 -1.7436 -3.544724
-1.3333 -1.7436 -2.897518
-1.1282 -1.7436 -2.128475
-0.9231 -1.7436 -1.240120
-0.7179 -1.7436 -0.236992
-0.5128 -1.7436 0.874366
-0.3077 -1.7436 2.085442
-0.1026 -1.7436 3.385820
0.1026 -1.7436 4.763281
0.3077 -1.7436 6.203928
0.5128 -1.7436 7.692343
0.7179 -1.7436 9.211769
0.9231 -1.7436 10.744319
1.1282 -1.7436 12.271208
1.3333 -1.7436 13.773001
1.5385 -1.7436 15.229891
1.7436 -1.7436 16.621977
1.9487 -1.7436 17.929562
2.1538 -1.7436 19.133462
2.3590 -1.7436 20.215312
2.5641 -1.7436 21.157877
2.7692 -1.7436 21.945360
2.9744 -1.7436 22.563707
3.1795 -1.7436 23.000891
3.3846 -1.7436 23.247193
3.5897 -1.7436 23.295461
3.7949 -1.7436 23.141341
4.0000 -1.7436 22.783494
-4.0000 -1.5385 -1.240786
-3.7949 -1.5385 -1.572659
-3.5897 -1.5385 -1.891563
-3.3846 -1.5385 -2.186016
-3.1795 -1.5385 -2.444440
-2.9744 -1.5385 -2.655403
-2.7692 -1.5385 -2.807849
-2.5641 -1.5385 -2.891337
-2.3590 -1.5385 -2.896248
-2.1538 -1.5385 -2.814000
-1.9487 -1.5385 -2.637230
-1.7436 -1.5385 -2.359968
-1.5385 -1.5385 -1.977784
-1.3333 -1.5385 -1.487915
-1.1282 -1.5385 -0.889363
-0.9231 -1.5385 -0.182969
-0.7179 -1.5385 0.628544
-0.5128 -1.5385 1.540550
-0.3077 -1.5385 2.546545
-0.1026 -1.5385 3.638179
0.1026 -1.5385 4.805341
0.3077 -1.5385 6.036255
0.5128 -1.5385 7.317615
0.7179 -1.5385 8.634746
0.9231 -1.5385 9.971786
1.1282 -1.5385 11.311895
1.3333 -1.5385 12.637487
1.5385 -1.5385 13.930478
1.7436 -1.5385 15.172548
1.9487 -1.5385 16.345424
2.1538 -1.5385 17.431166
2.3590 -1.5385 18.412460
2.5641 -1.5385 19.272917
2.7692 -1.5385 19.997367
2.9744 -1.5385 20.572155
3.1795 -1.5385 20.985419
3.3846 -1.5385 21.227366
3.5897 -1.5385 21.290523
3.7949 -1.5385 21.169980
4.0000 -1.5385 20.863594
-4.0000 -1.3333 0.862934
-3.7949 -1.3333 0.598053
-3.5897 -1.3333 0.328189
-3.3846 -1.3333 0.063919
-3.1795 -1.3333 -0.183844
-2.9744 -1.3333 -0.404083
-2.7692 -1.3333 -0.585920
-2.5641 -1.3333 -0.718841
-2.3590 -1.3333 -0.792921
-2.1538 -1.3333 -0.799037
-1.9487 -1.3333 -0.729064
-1.7436 -1.3333 -0.576055
-1.5385 -1.3333 -0.334408
-1.3333 -1.3333 -0.000000
-1.1282 -1.3333 0.429692
-0.9231 -1.3333 0.955502
-0.7179 -1.3333 1.576511
-0.5128 -1.3333 2.290007
-0.3077 -1.3333 3.091485
-0.1026 -1.3333 3.974658
0.1026 -1.3333 4.931521
0.3077 -1.3333 5.952418
0.5128 -1.3333 7.026159
0.7179 -1.3333 8.140154
0.9231 -1.3333 9.280571
1.1282 -1.3333 10.432525
1.3333 -1.3333 11.580285
1.5385 -1.3333 12.707500
1.7436 -1.3333 13.797448
1.9487 -1.3333 14.833292
2.1538 -1.3333 15.798351
2.3590 -1.3333 16.676380
2.5641 -1.3333 17.451854
2.7692 -1.3333 18.110249
2.9744 -1.3333 18.638329
3.1795 -1.3333 19.024419
3.3846 -1.3333 19.258673
3.5897 -1.3333 19.333323
3.7949 -1.3333 19.242919
4.0000 -1.3333 18.984543
-4.0000 -1.1282 3.007503
-3.7949 -1.1282 2.813066
-3.5897 -1.1282 2.595678
-3.3846 -1.1282 2.364988
-3.1795 -1.1282 2.131225
-2.9744 -1.1282 1.904963
-2.7692 -1.1282 1.696885
-2.5641 -1.1282 1.517552
-2.3590 -1.1282 1.377179
-2.1538 -1.1282 1.285407
-1.9487 -1.1282 1.251109
-1.7436 -1.1282 1.282187
-1.5385 -1.1282 1.385404
-1.3333 -1.1282 1.566226
-1.1282 -1.1282 1.828690
-0.9231 -1.1282 2.175293
-0.7179 -1.1282 2.606910
-0.5128 -1.1282 3.122737
-0.3077 -1.1282 3.720261
-0.1026 -1.1282 4.395257
0.1026 -1.1282 5.141820
0.3077 -1.1282 5.952418
0.5128 -1.1282 6.817977
0.7179 -1.1282 7.727994
0.9231 -1.1282 8.670676
1.1282 -1.1282 9.633098
1.3333 -1.1282 10.601393
1.5385 -1.1282 11.560959
1.7436 -1.1282 12.496679
1.9487 -1.1282 13.393167
2.1538 -1.1282 14.235018
2.3590 -1.1282 15.007073
2.5641 -1.1282 15.694688
2.7692 -1.1282 16.284005
2.9744 -1.1282 16.762229
3.1795 -1.1282 17.117892
3.3846 -1.1282 17.341115
3.5897 -1.1282 17.423859
3.7949 -1.1282 17.360159
4.0000 -1.1282 17.146341
-4.0000 -0.9231 5.192921
-3.7949 -0.9231 5.072378
-3.5897 -0.9231 4.910903
-3.3846 -0.9231 4.717192
-3.1795 -0.9231 4.500766
-2.9744 -0.9231 4.271735
-2.7692 -0.9231 4.040564
-2.5641 -0.9231 3.817843
-2.3590 -0.9231 3.614050
-2.1538 -0.9231 3.439333
-1.9487 -0.9231 3.303288
-1.7436 -0.9231 3.214759
-1.5385 -0.9231 3.181652
-1.3333 -0.9231 3.210764
-1.1282 -0.9231 3.307630
-0.9231 -0.9231 3.476402
-0.7179 -0.9231 3.719741
-0.5128 -0.9231 4.038740
-0.3077 -0.9231 4.432874
-0.1026 -0.9231 4.899976
0.1026 -0.9231 5.436239
0.3077 -0.9231 6.036255
0.5128 -0.9231 6.693067
0.7179 -0.9231 7.398267
0.9231 -0.9231 8.142100
1.1282 -0.9231 8.913613
1.3333 -0.9231 9.700813
1.5385 -0.9231 10.490854
1.7436 -0.9231 11.270239
1.9487 -0.9231 12.025048
2.1538 -0.9231 12.741166
2.3590 -0.9231 13.404538
2.5641 -0.9231 14.001419
2.7692 -0.9231 14.518636
2.9744 -0.9231 14.943856
3.1795 -0.9231 15.265837
3.3846 -0.9231 15.474692
3.5897 -0.9231 15.562131
3.7949 -0.9231 15.521698
4.0000 -0.9231 15.348987
-4.0000 -0.7179 7.419188
-3.7949 -0.7179 7.375991
-3.5897 -0.7179 7.273864
-3.3846 -0.7179 7.120532
-3.1795 -0.7179 6.924780
-2.9744 -0.7179 6.696233
-2.7692 -0.7179 6.445118
-2.5641 -0.7179 6.182030
-2.3590 -0.7179 5.917695
-2.1538 -0.7179 5.662741
-1.9487 -0.7179 5.427473
-1.7436 -0.7179 5.221661
-1.5385 -0.7179 5.054337
-1.3333 -0.7179 4.933612
-1.1282 -0.7179 4.866513
-0.9231 -0.7179 4.858831
-0.7179 -0.7179 4.915004
-0.5128 -0.7179 5.038016
-0.3077 -0.7179 5.229325
-0.1026 -0.7179 5.488814
0.1026 -0.7179 5.814778
0.3077 -0.7179 6.203928
0.5128 -0.7179 6.651431
0.7179 -0.7179 7.150971
0.9231 -0.7179 7.694844
1.1282 -0.7179 8.274072
1.3333 -0.7179 8.878544
1.5385 -0.7179 9.497184
1.7436 -0.7179 10.118129
1.9487 -0.7179 10.728935
2.1538 -0.7179 11.316796
2.3590 -0.7179 11.868775
2.5641 -0.7179 12.372046
2.7692 -0.7179 12.814142
2.9744 -0.7179 13.183208
3.1795 -0.7179 13.468254
3.3846 -0.7179 13.659404
3.5897 -0.7179 13.748141
3.7949 -0.7179 13.727538
4.0000 -0.7179 13.592483
-4.0000 -0.5128 9.686304
-3.7949 -0.5128 9.723904
-3.5897 -0.5128 9.684563
-3.3846 -0.5128 9.575006
-3.1795 -0.5128 9.403265
-2.9744 -0.5128 9.178457
-2.7692 -0.5128 8.910547
-2.5641 -0.5128 8.610114
-2.3590 -0.5128 8.288111
-2.1538 -0.5128 7.955629
-1.9487 -0.5128 7.623664
-1.7436 -0.5128 7.302892
-1.5385 -0.5128 7.003457
-1.3333 -0.5128 6.734772
-1.1282 -0.5128 6.505339
-0.9231 -0.5128 6.322580
-0.7179 -0.5128 6.192700
-0.5128 -0.5128 6.120565
-0.3077 -0.5128 6.109612
-0.1026 -0.5128 6.161772
0.1026 -0.5128 6.277437
0.3077 -0.5128 6.455439
0.5128 -0.5128 6.693067
0.7179 -0.5128 6.986107
0.9231 -0.5128 7.328907
1.1282 -0.5128 7.714473
1.3333 -0.5128 8.134587
1.5385 -0.5128 8.579951
1.7436 -0.5128 9.040348
1.9487 -0.5128 9.504828
2.1538 -0.5128 9.961907
2.3590 -0.5128 10.399785
2.5641 -0.5128 10.806571
2.7692 -0.5128 11.170523
2.9744 -0.5128 11.480287
3.1795 -0.5128 11.725143
3.3846 -0.5128 11.895251
3.5897 -0.5128 11.981886
3.7949 -0.5128 11.977679
4.0000 -0.5128 11.876828
-4.0000 -0.3077 11.994269
-3.7949 -0.3077 12.116117
-3.5897 -0.3077 12.142997
-3.3846 -0.3077 12.080615
-3.1795 -0.3077 11.936223
-2.9744 -0.3077 11.718407
-2.7692 -0.3077 11.436850
-2.5641 -0.3077 11.102095
-2.3590 -0.3077 10.725300
-2.1538 -0.3077 10.318000
-1.9487 -0.3077 9.891862
-1.7436 -0.3077 9.458453
-1.5385 -0.3077 9.029013
-1.3333 -0.3077 8.614244
-1.1282 -0.3077 8.224107
-0.9231 -0.3077 7.867647
-0.7179 -0.3077 7.552827
-0.5128 -0.3077 7.286387
-0.3077 -0.3077 7.073736
-0.1026 -0.3077 6.918850
0.1026 -0.3077 6.824215
0.3077 -0.3077 6.790786
0.5128 -0.3077 6.817977
0.7179 -0.3077 6.903675
0.9231 -0.3077 7.044289
1.1282 -0.3077 7.234816
1.3333 -0.3077 7.468941
1.5385 -0.3077 7.739154
1.7436 -0.3077 8.036898
1.9487 -0.3077 8.352728
2.1538 -0.3077 8.676500
2.3590 -0.3077 8.997567
2.5641 -0.3077 9.304993
2.7692 -0.3077 9.587779
2.9744 -0.3077 9.835092
3.1795 -0.3077 10.036505
3.3846 -0.3077 10.182232
3.5897 -0.3077 10.263369
3.7949 -0.3077 10.272119
4.0000 -0.3077 10.202022
-4.0000 -0.1026 14.343082
-3.7949 -0.1026 14.552631
-3.5897 -0.1026 14.649169
-3.3846 -0.1026 14.637358
-3.1795 -0.1026 14.523653
-2.9744 -0.1026 14.316084
-2.7692 -0.1026 14.024029
-2.5641 -0.1026 13.657972
-2.3590 -0.1026 13.229261
-2.1538 -0.1026 12.749851
-1.9487 -0.1026 12.232066
-1.7436 -0.1026 11.688344
-1.5385 -0.1026 11.131006
-1.3333 -0.1026 10.572027
-1.1282 -0.1026 10.022819
-0.9231 -0.1026 9.494034
-0.7179 -0.1026 8.995386
-0.5128 -0.1026 8.535482
-0.3077 -0.1026 8.121697
-0.1026 -0.1026 7.760047
0.1026 -0.1026 7.455113
0.3077 -0.1026 7.209971
0.5128 -0.1026 7.026159
0.7179 -0.1026 6.903675
0.9231 -0.1026 6.840991
1.1282 -0.1026 6.835103
1.3333 -0.1026 6.881606
1.5385 -0.1026 6.974793
1.7436 -0.1026 7.107776
1.9487 -0.1026 7.272634
2.1538 -0.1026 7.460574
2.3590 -0.1026 7.662121
2.5641 -0.1026 7.867312
2.7692 -0.1026 8.065909
2.9744 -0.1026 8.247623
3.1795 -0.1026 8.402338
3.3846 -0.1026 8.520349
3.5897 -0.1026 8.592588
3.7949 -0.1026 8.610860
4.0000 -0.1026 8.568064
-4.0000 0.1026 16.732745
-3.7949 0.1026 17.033444
-3.5897 0.1026 17.203077
-3.3846 0.1026 17.245237
-3.1795 0.1026 17.165555
-2.9744 0.1026 16.971486
-2.7692 0.1026 16.672082
-2.5641 0.1026 16.277747
-2.3590 0.1026 15.799994
-2.1538 0.1026 15.251185
-1.9487 0.1026 14.644276
-1.7436 0.1026 13.992564
-1.5385 0.1026 13.309434
-1.3333 0.1026 12.608121
-1.1282 0.1026 11.901472
-0.9231 0.1026 11.201741
-0.7179 0.1026 10.520376
-0.5128 0.1026 9.867850
-0.3077 0.1026 9.253494
-0.1026 0.1026 8.685365
0.1026 0.1026 8.170131
0.3077 0.1026 7.712992
0.5128 0.1026 7.317615
0.7179 0.1026 6.986107
0.9231 0.1026 6.719011
1.1282 0.1026 6.515332
1.3333 0.1026 6.372583
1.5385 0.1026 6.286868
1.7436 0.1026 6.252985
1.9487 0.1026 6.264546
2.1538 0.1026 6.314129
2.3590 0.1026 6.393447
2.5641 0.1026 6.493527
2.7692 0.1026 6.604914
2.9744 0.1026 6.717880
3.1795 0.1026 6.822644
3.3846 0.1026 6.909600
3.5897 0.1026 6.969544
3.7949 0.1026 6.993901
4.0000 0.1026 6.974956
-4.0000 0.3077 19.163257
-3.7949 0.3077 19.558558
-3.5897 0.3077 19.804722
-3.3846 0.3077 19.904251
-3.1795 0.3077 19.861930
-2.9744 0.3077 19.684615
-2.7692 0.3077 19.381010
-2.5641 0.3077 18.961419
-2.3590 0.3077 18.437500
-2.1538 0.3077 17.821999
-1.9487 0.3077 17.128492
-1.7436 0.3077 16.371114
-1.5385 0.3077 15.564299
-1.3333 0.3077 14.722526
-1.1282 0.3077 13.860069
-0.9231 0.3077 12.990767
-0.7179 0.3077 12.127799
-0.5128 0.3077 11.283491
-0.3077 0.3077 10.469129
-0.1026 0.3077 9.694802
0.1026 0.3077 8.969269
0.3077 0.3077 8.299850
0.5128 0.3077 7.692343
0.7179 0.3077 7.150971
0.9231 0.3077 6.678352
1.1282 0.3077 6.275504
1.3333 0.3077 5.941870
1.5385 0.3077 5.675380
1.7436 0.3077 5.472523
1.9487 0.3077 5.328464
2.1538 0.3077 5.237167
2.3590 0.3077 5.191546
2.5641 0.3077 5.183640
2.7692 0.3077 5.204794
2.9744 0.3077 5.245863
3.1795 0.3077 5.297422
3.3846 0.3077 5.349986
3.5897 0.3077 5.394236
3.7949 0.3077 5.421242
4.0000 0.3077 5.422696
-4.0000 0.5128 21.634617
-3.7949 0.5128 22.127972
-3.5897 0.5128 22.454103
-3.3846 0.5128 22.614399
-3.1795 0.5128 22.612776
-2.9744 0.5128 22.455470
-2.7692 0.5128 22.150813
-2.5641 0.5128 21.708988
-2.3590 0.5128 21.141778
-2.1538 0.5128 20.462296
-1.9487 0.5128 19.684715
-1.7436 0.5128 18.823994
-1.5385 0.5128 17.895600
-1.3333 0.5128 16.915242
-1.1282 0.5128 15.898609
-0.9231 0.5128 14.861112
-0.7179 0.5128 13.817654
-0.5128 0.5128 12.782405
-0.3077 0.5128 11.768600
-0.1026 0.5128 10.788359
0.1026 0.5128 9.852526
0.3077 0.5128 8.970545
0.5128 0.5128 8.150345
0.7179 0.5128 7.398267
0.9231 0.5128 6.719011
1.1282 0.5128 6.115618
1.3333 0.5128 5.589470
1.5385 0.5128 5.140327
1.7436 0.5128 4.766391
1.9487 0.5128 4.464389
2.1538 0.5128 4.229685
2.3590 0.5128 4.056417
2.5641 0.5128 3.937649
2.7692 0.5128 3.865549
2.9744 0.5128 3.831573
3.1795 0.5128 3.826673
3.3846 0.5128 3.841508
3.5897 0.5128 3.866665
3.7949 0.5128 3.892884
4.0000 0.5128 3.911286
-4.0000 0.7179 24.146827
-3.7949 0.7179 24.741687
-3.5897 0.7179 25.151221
-3.3846 0.7179 25.375682
-3.1795 0.7179 25.418095
-2.9744 0.7179 25.284051
-2.7692 0.7179 24.981490
-2.5641 0.7179 24.520453
-2.3590 0.7179 23.912828
-2.1538 0.7179 23.172073
-1.9487 0.7179 22.312944
-1.7436 0.7179 21.351203
-1.5385 0.7179 20.303337
-1.3333 0.7179 19.186270
-1.1282 0.7179 18.017091
-0.9231 0.7179 16.812776
-0.7179 0.7179 15.589941
-0.5128 0.7179 14.364592
-0.3077 0.7179 13.151909
-0.1026 0.7179 11.966035
0.1026 0.7179 10.819904
0.3077 0.7179 9.725077
0.5128 0.7179 8.691619
0.7179 0.7179 7.727994
0.9231 0.7179 6.840991
1.1282 0.7179 6.035675
1.3333 0.7179 5.315380
1.5385 0.7179 4.681711
1.7436 0.7179 4.134589
1.9487 0.7179 3.672320
2.1538 0.7179 3.291685
2.3590 0.7179 2.988060
2.5641 0.7179 2.755556
2.7692 0.7179 2.587178
2.9744 0.7179 2.475008
3.1795 0.7179 2.410395
3.3846 0.7179 2.384164
3.5897 0.7179 2.386830
3.7949 0.7179 2.408826
4.0000 0.7179 2.440724
-4.0000 0.9231 26.699885
-3.7949 0.9231 27.399702
-3.5897 0.9231 27.896075
-3.3846 0.9231 28.188101
-3.1795 0.9231 28.277886
-2.9744 0.9231 28.170359
-2.7692 0.9231 27.873042
-2.5641 0.9231 27.395816
-2.3590 0.9231 26.750650
-2.1538 0.9231 25.951333
-1.9487 0.9231 25.013179
-1.7436 0.9231 23.952742
-1.5385 0.9231 22.787510
-1.3333 0.9231 21.535610
-1.1282 0.9231 20.215515
-0.9231 0.9231 18.845760
-0.7179 0.9231 17.444659
-0.5128 0.9231 16.030052
-0.3077 0.9231 14.619054
-0.1026 0.9231 13.227832
0.1026 0.9231 11.871401
0.3077 0.9231 10.563446
0.5128 0.9231 9.316167
0.7179 0.9231 8.140154
0.9231 0.9231 7.044289
1.1282 0.9231 6.035675
1.3333 0.9231 5.119602
1.5385 0.9231 4.299530
1.7436 0.9231 3.577116
1.9487 0.9231 2.952257
2.1538 0.9231 2.423167
2.3590 0.9231 1.986476
2.5641 0.9231 1.637359
2.7692 0.9231 1.369683
2.9744 0.9231 1.176170
3.1795 0.9231 1.048590
3.3846 0.9231 0.977955
3.5897 0.9231 0.954732
3.7949 0.9231 0.969068
4.0000 0.9231 1.011011
-4.0000 1.1282 29.293793
-3.7949 1.1282 30.102017
-3.5897 1.1282 30.688666
-3.3846 1.1282 31.051654
-3.1795 1.1282 31.192149
-2.9744 1.1282 31.114392
-2.7692 1.1282 30.825470
-2.5641 1.1282 30.335076
-2.3590 1.1282 29.655245
-2.1538 1.1282 28.800073
-1.9487 1.1282 27.785421
-1.7436 1.1282 26.628611
-1.5385 1.1282 25.348119
-1.3333 1.1282 23.963260
-1.1282 1.1282 22.493883
-0.9231 1.1282 20.960063
-0.7179 1.1282 19.381810
-0.5128 1.1282 17.778785
-0.3077 1.1282 16.170036
-0.1026 1.1282 14.573748
0.1026 1.1282 13.007017
0.3077 1.1282 11.485651
0.5128 1.1282 10.023987
0.7179 1.1282 8.634746
0.9231 1.1282 7.328907
1.1282 1.1282 6.115618
1.3333 1.1282 5.002135
1.5385 1.1282 3.993786
1.7436 1.1282 3.093973
1.9487 1.1282 2.304201
2.1538 1.1282 1.624130
2.3590 1.1282 1.051664
2.5641 1.1282 0.583060
2.7692 1.1282 0.213062
2.9744 1.1282 -0.064942
3.1795 1.1282 -0.258743
3.3846 1.1282 -0.377120
3.5897 1.1282 -0.429629
3.7949 1.1282 -0.426390
4.0000 1.1282 -0.377853
-4.0000 1.3333 31.928549
-3.7949 1.3333 32.848632
-3.5897 1.3333 33.528994
-3.3846 1.3333 33.966342
-3.1795 1.3333 34.160885
-2.9744 1.3333 34.116151
-2.7692 1.3333 33.838771
-2.5641 1.3333 33.338232
-2.3590 1.3333 32.626612
-2.1538 1.3333 31.718295
-1.9487 1.3333 30.629669
-1.7436 1.3333 29.378810
-1.5385 1.3333 27.985164
-1.3333 1.3333 26.469222
-1.1282 1.3333 24.852193
-0.9231 1.3333 23.155686
-0.7179 1.3333 21.401393
-0.5128 1.3333 19.610791
-0.3077 1.3333 17.804855
-0.1026 1.3333 16.003784
0.1026 1.3333 14.226754
0.3077 1.3333 12.491693
0.5128 1.3333 10.815081
0.7179 1.3333 9.211769
0.9231 1.3333 7.694844
1.1282 1.3333 6.275504
1.3333 1.3333 4.962979
1.5385 1.3333 3.764477
1.7436 1.3333 2.685160
1.9487 1.3333 1.728151
2.1538 1.3333 0.894574
2.3590 1.3333 0.183624
2.5641 1.3333 -0.407343
2.7692 1.3333 -0.882684
2.9744 1.3333 -1.248328
3.1795 1.3333 -1.511604
3.3846 1.3333 -1.681059
3.5897 1.3333 -1.766254
3.7949 1.3333 -1.777547
4.0000 1.3333 -1.725868
-4.0000 1.5385 34.604154
-3.7949 1.5385 35.639547
-3.5897 1.5385 36.417058
-3.3846 1.5385 36.932164
-3.1795 1.5385 37.184092
-2.9744 1.5385 37.175637
-2.7692 1.5385 36.912948
-2.5641 1.5385 36.405286
-2.3590 1.5385 35.664752
-2.1538 1.5385 34.705999
-1.9487 1.5385 33.545923
-1.7436 1.5385 32.203338
-1.5385 1.5385 30.698645
-1.3333 1.5385 29.053495
-1.1282 1.5385 27.290446
-0.9231 1.5385 25.432627
-0.7179 1.5385 23.503407
-0.5128 1.5385 21.526070
-0.3077 1.5385 19.523511
-0.1026 1.5385 17.517939
0.1026 1.5385 15.530610
0.3077 1.5385 13.581573
0.5128 1.5385 11.689447
0.7179 1.5385 9.871225
0.9231 1.5385 8.142100
1.1282 1.5385 6.515332
1.3333 1.5385 5.002135
1.5385 1.5385 3.611605
1.7436 1.5385 2.350676
1.9487 1.5385 1.224107
2.1538 1.5385 0.234500
2.3590 1.5385 -0.617644
2.5641 1.5385 -1.333849
2.7692 1.5385 -1.917556
2.9744 1.5385 -2.373988
3.1795 1.5385 -2.709992
3.3846 1.5385 -2.933864
3.5897 1.5385 -3.055142
3.7949 1.5385 -3.084405
4.0000 1.5385 -3.033033
-4.0000 1.7436 37.320609
-3.7949 1.7436 38.474763
-3.5897 1.7436 39.352859
-3.3846 1.7436 39.949122
-3.1795 1.7436 40.261772
-2.9744 1.7436 40.292849
-2.7692 1.7436 40.048000
-2.5641 1.7436 39.536236
-2.3590 1.7436 38.769663
-2.1538 1.7436 37.763184
-1.9487 1.7436 36.534183
-1.7436 1.7436 35.102196
-1.5385 1.7436 33.488562
-1.3333 1.7436 31.716080
-1.1282 1.7436 29.808642
-0.9231 1.7436 27.790889
-0.7179 1.7436 25.687854
-0.5128 1.7436 23.524622
-0.3077 1.7436 21.326004
-0.1026 1.7436 19.116214
0.1026 1.7436 16.918586
0.3077 1.7436 14.755289
0.5128 1.7436 12.647087
0.7179 1.7436 10.613112
0.9231 1.7436 8.670676
1.1282 1.7436 6.835103
1.3333 1.7436 5.119602
1.5385 1.7436 3.535169
1.7436 1.7436 2.090522
1.9487 1.7436 0.792069
2.1538 1.7436 -0.356093
2.3590 1.7436 -1.352139
2.5641 1.7436 -2.196458
2.7692 1.7436 -2.891552
2.9744 1.7436 -3.441921
3.1795 1.7436 -3.853909
3.3846 1.7436 -4.135533
3.5897 1.7436 -4.296294
3.7949 1.7436 -4.346962
4.0000 1.7436 -4.299350
-4.0000 1.9487 40.077912
-3.7949 1.9487 41.354279
-3.5897 1.9487 42.336397
-3.3846 1.9487 43.017215
-3.1795 1.9487 43.393924
-2.9744 1.9487 43.467787
-2.7692 1.9487 43.243926
-2.5641 1.9487 42.731083
-2.3590 1.9487 41.941347
-2.1538 1.9487 40.889851
-1.9487 1.9487 39.594450
-1.7436 1.9487 38.075383
-1.5385 1.9487 36.354916
-1.3333 1.9487 34.456975
-1.1282 1.9487 32.406780
-0.9231 1.9487 30.230469
-0.7179 1.9487 27.954732
-0.5128 1.9487 25.606447
-0.3077 1.9487 23.212333
-0.1026 1.9487 20.798610
0.1026 1.9487 18.390682
0.3077 1.9487 16.012842
0.5128 1.9487 13.687999
0.7179 1.9487 11.437432
0.9231 1.9487 9.280571
1.1282 1.9487 7.234816
1.3333 1.9487 5.315380
1.5385 1.9487 3.535169
1.7436 1.9487 1.904698
1.9487 1.9487 0.432038
2.1538 1.9487 -0.877204
2.3590 1.9487 -2.019862
2.5641 1.9487 -2.995169
2.7692 1.9487 -3.804674
2.9744 1.9487 -4.452129
3.1795 1.9487 -4.943353
3.3846 1.9487 -5.286068
3.5897 1.9487 -5.489709
3.7949 1.9487 -5.565218
4.0000 1.9487 -5.524818
-4.0000 2.1538 42.876064
-3.7949 2.1538 44.278095
-3.5897 2.1538 45.367671
-3.3846 2.1538 46.136442
-3.1795 2.1538 46.580548
-2.9744 2.1538 46.700451
-2.7692 2.1538 46.500727
-2.5641 2.1538 45.989828
-2.3590 2.1538 45.179804
-2.1538 2.1538 44.085999
-1.9487 2.1538 42.726723
-1.7436 2.1538 41.122900
-1.5385 2.1538 39.297705
-1.3333 2.1538 37.276182
-1.1282 2.1538 35.084861
-0.9231 2.1538 32.751369
-0.7179 2.1538 30.304042
-0.5128 2.1538 27.771545
-0.3077 2.1538 25.182500
-0.1026 2.1538 22.565124
0.1026 2.1538 19.946897
0.3077 2.1538 17.354232
0.5128 2.1538 14.812185
0.7179 2.1538 12.344183
0.9231 2.1538 9.971786
1.1282 2.1538 7.714473
1.3333 2.1538 5.589470
1.5385 2.1538 3.611605
1.7436 2.1538 1.793204
1.9487 2.1538 0.144013
2.1538 2.1538 -1.328833
2.3590 2.1538 -2.620813
2.5641 2.1538 -3.729984
2.7692 2.1538 -4.656921
2.9744 2.1538 -5.404610
3.1795 2.1538 -5.978325
3.3846 2.1538 -6.385468
3.5897 2.1538 -6.635387
3.7949 2.1538 -6.739175
4.0000 2.1538 -6.709438
-4.0000 2.3590 45.715065
-3.7949 2.3590 47.246211
-3.5897 2.3590 48.446681
-3.3846 2.3590 49.306804
-3.1795 2.3590 49.821645
-2.9744 2.3590 49.990841
-2.7692 2.3590 49.818403
-2.5641 2.3590 49.312469
-2.3590 2.3590 48.485032
-2.1538 2.3590 47.351628
-1.9487 2.3590 45.931002
-1.7436 2.3590 44.244747
-1.5385 2.3590 42.316931
-1.3333 2.3590 40.173701
-1.1282 2.3590 37.842885
-0.9231 2.3590 35.353588
-0.7179 2.3590 32.735785
-0.5128 2.3590 30.019916
-0.3077 2.3590 27.236503
-0.1026 2.3590 24.415759
0.1026 2.3590 21.587232
0.3077 2.3590 18.779459
0.5128 2.3590 16.019643
0.7179 2.3590 13.333366
0.9231 2.3590 10.744319
1.1282 2.3590 8.274072
1.3333 2.3590 5.941870
1.5385 2.3590 3.764477
1.7436 2.3590 1.756039
1.9487 2.3590 -0.072006
2.1538 2.3590 -1.710981
2.3590 2.3590 -3.154991
2.5641 2.3590 -4.400902
2.7692 2.3590 -5.448293
2.9744 2.3590 -6.299366
3.1795 2.3590 -6.958825
3.3846 2.3590 -7.433733
3.5897 2.3590 -7.733329
3.7949 2.3590 -7.868831
4.0000 2.3590 -7.853208
-4.0000 2.5641 48.594915
-3.7949 2.5641 50.258628
-3.5897 2.5641 51.573429
-3.3846 2.5641 52.528302
-3.1795 2.5641 53.117214
-2.9744 2.5641 53.338958
-2.7692 2.5641 53.196953
-2.5641 2.5641 52.699007
-2.3590 2.5641 51.857033
-2.1538 2.5641 50.686739
-1.9487 2.5641 49.207287
-1.7436 2.5641 47.440924
-1.5385 2.5641 45.412593
-1.3333 2.5641 43.149530
-1.1282 2.5641 40.680852
-0.9231 2.5641 38.037127
-0.7179 2.5641 35.249959
-0.5128 2.5641 32.351560
-0.3077 2.5641 29.374343
-0.1026 2.5641 26.350513
0.1026 2.5641 23.311687
0.3077 2.5641 20.288522
0.5128 2.5641 17.310375
0.7179 2.5641 14.404982
0.9231 2.5641 11.598173
1.1282 2.5641 8.913613
1.3333 2.5641 6.372583
1.5385 2.5641 3.993786
1.7436 2.5641 1.793204
1.9487 2.5641 -0.216019
2.1538 2.5641 -2.023648
2.3590 2.5641 -3.622397
2.5641 2.5641 -5.007923
2.7692 2.5641 -6.178791
2.9744 2.5641 -7.136395
3.1795 2.5641 -7.884852
3.3846 2.5641 -8.430863
3.5897 2.5641 -8.783534
3.7949 2.5641 -8.954187
4.0000 2.5641 -8.956129
-4.0000 2.7692 51.515614
-3.7949 2.7692 53.315345
-3.5897 2.7692 54.747912
-3.3846 2.7692 55.800934
-3.1795 2.7692 56.467255
-2.9744 2.7692 56.744800
-2.7692 2.7692 56.636379
-2.5641 2.7692 56.149442
-2.3590 2.7692 55.295806
-2.1538 2.7692 54.091332
-1.9487 2.7692 52.555579
-1.7436 2.7692 50.711430
-1.5385 2.7692 48.584690
-1.3333 2.7692 46.203671
-1.1282 2.7692 43.598761
-0.9231 2.7692 40.801985
-0.7179 2.7692 37.846565
-0.5128 2.7692 34.766477
-0.3077 2.7692 31.596020
-0.1026 2.7692 28.369388
0.1026 2.7692 25.120262
0.3077 2.7692 21.881423
0.5128 2.7692 18.684379
0.7179 2.7692 15.559029
0.9231 2.7692 12.533345
1.1282 2.7692 9.633098
1.3333 2.7692 6.881606
1.5385 2.7692 4.299530
1.7436 2.7692 1.904698
1.9487 2.7692 -0.288025
2.1538 2.7692 -2.266833
2.3590 2.7692 -4.023031
2.5641 2.7692 -5.551047
2.7692 2.7692 -6.848413
2.9744 2.7692 -7.915698
3.1795 2.7692 -8.756408
3.3846 2.7692 -9.376858
3.5897 2.7692 -9.786003
3.7949 2.7692 -9.995243
4.0000 2.7692 -10.018201
-4.0000 2.9744 54.477161
-3.7949 2.9744 56.416362
-3.5897 2.9744 57.970133
-3.3846 2.9744 59.124701
-3.1795 2.9744 59.871768
-2.9744 2.9744 60.208369
-2.7692 2.9744 60.136679
-2.5641 2.9744 59.663774
-2.3590 2.9744 58.801352
-2.1538 2.9744 57.565406
-1.9487 2.9744 55.975877
-1.7436 2.9744 54.056266
-1.5385 2.9744 51.833224
-1.3333 2.9744 49.336124
-1.1282 2.9744 46.596613
-0.9231 2.9744 43.648162
-0.7179 2.9744 40.525603
-0.5128 2.9744 37.264667
-0.3077 2.9744 33.901534
-0.1026 2.9744 30.472381
0.1026 2.9744 27.012957
0.3077 2.9744 23.558160
0.5128 2.9744 20.141657
0.7179 2.9744 16.795508
0.9231 2.9744 13.549837
1.1282 2.9744 10.432525
1.3333 2.9744 7.468941
1.5385 2.9744 4.681711
1.7436 2.9744 2.090522
1.9487 2.9744 -0.288025
2.1538 2.9744 -2.440537
2.3590 2.9744 -4.356892
2.5641 2.9744 -6.030274
2.7692 2.9744 -7.457161
2.9744 2.9744 -8.637274
3.1795 2.9744 -9.573491
3.3846 2.9744 -10.271718
3.5897 2.9744 -10.740735
3.7949 2.9744 -10.991998
4.0000 2.9744 -11.039425
-4.0000 3.1795 57.479558
-3.7949 3.1795 59.561680
-3.5897 3.1795 61.240090
-3.3846 3.1795 62.499603
-3.1795 3.1795 63.330753
-2.9744 3.1795 63.729664
-2.7692 3.1795 63.697854
-2.5641 3.1795 63.242004
-2.3590 3.1795 62.373669
-2.1538 3.1795 61.108961
-1.9487 3.1795 59.468181
-1.7436 3.1795 57.475432
-1.5385 3.1795 55.158194
-1.3333 3.1795 52.546887
-1.1282 3.1795 49.674408
-0.9231 3.1795 46.575659
-0.7179 3.1795 43.287073
-0.5128 3.1795 39.846130
-0.3077 3.1795 36.290885
-0.1026 3.1795 32.659495
0.1026 3.1795 28.989771
0.3077 3.1795 25.318734
0.5128 3.1795 21.682207
0.7179 3.1795 18.114419
0.9231 3.1795 14.647648
1.1282 3.1795 11.311895
1.3333 3.1795 8.134587
1.5385 3.1795 5.140327
1.7436 3.1795 2.350676
1.9487 3.1795 -0.216019
2.1538 3.1795 -2.544759
2.3590 3.1795 -4.623981
2.5641 3.1795 -6.445605
2.7692 3.1795 -8.005034
2.9744 3.1795 -9.301125
3.1795 3.1795 -10.336102
3.3846 3.1795 -11.115444
3.5897 3.1795 -11.647730
3.7949 3.1795 -11.944454
4.0000 3.1795 -12.019799
-4.0000 3.3846 60.522804
-3.7949 3.3846 62.751297
-3.5897 3.3846 64.557784
-3.3846 3.3846 65.925639
-3.1795 3.3846 66.844211
-2.9744 3.3846 67.308685
-2.7692 3.3846 67.319904
-2.5641 3.3846 66.884130
-2.3590 3.3846 66.012759
-2.1538 3.3846 64.721998
-1.9487 3.3846 63.032492
-1.7436 3.3846 60.968927
-1.5385 3.3846 58.559600
-1.3333 3.3846 55.835962
-1.1282 3.3846 52.832145
-0.9231 3.3846 49.584475
-0.7179 3.3846 46.130975
-0.5128 3.3846 42.510866
-0.3077 3.3846 38.764072
-0.1026 3.3846 34.930729
0.1026 3.3846 31.050705
0.3077 3.3846 27.163146
0.5128 3.3846 23.306031
0.7179 3.3846 19.515762
0.9231 3.3846 15.826779
1.1282 3.3846 12.271208
1.3333 3.3846 8.878544
1.5385 3.3846 5.675380
1.7436 3.3846 2.685160
1.9487 3.3846 -0.072006
2.1538 3.3846 -2.579500
2.3590 3.3846 -4.824298
2.5641 3.3846 -6.797038
2.7692 3.3846 -8.492033
2.9744 3.3846 -9.907250
3.1795 3.3846 -11.044241
3.3846 3.3846 -11.908034
3.5897 3.3846 -12.506989
3.7949 3.3846 -12.852609
4.0000 3.3846 -12.959325
-4.0000 3.5897 63.606898
-3.7949 3.5897 65.985215
-3.5897 3.5897 67.923214
-3.3846 3.5897 69.402811
-3.1795 3.5897 70.412140
-2.9744 3.5897 70.945432
-2.7692 3.5897 71.002828
-2.5641 3.5897 70.590152
-2.3590 3.5897 69.718622
-2.1538 3.5897 68.404517
-1.9487 3.5897 66.668809
-1.7436 3.5897 64.536752
-1.5385 3.5897 62.037443
-1.3333 3.5897 59.203349
-1.1282 3.5897 56.069826
-0.9231 3.5897 52.674611
-0.7179 3.5897 49.057309
-0.5128 3.5897 45.258875
-0.3077 3.5897 41.321097
-0.1026 3.5897 37.286082
0.1026 3.5897 33.195759
0.3077 3.5897 29.091394
0.5128 3.5897 25.013127
0.7179 3.5897 20.999537
0.9231 3.5897 17.087229
1.1282 3.5897 13.310463
1.3333 3.5897 9.700813
1.5385 3.5897 6.286868
1.7436 3.5897 3.093973
1.9487 3.5897 0.144013
2.1538 3.5897 -2.544759
2.3590 3.5897 -4.957843
2.5641 3.5897 -7.084574
2.7692 3.5897 -8.918156
2.9744 3.5897 -10.455648
3.1795 3.5897 -11.697907
3.3846 3.5897 -12.649490
3.5897 3.5897 -13.318511
3.7949 3.5897 -13.716463
4.0000 3.5897 -13.858001
-4.0000 3.7949 66.731842
-3.7949 3.7949 69.263433
-3.5897 3.7949 71.336381
-3.3846 3.7949 72.931117
-3.1795 3.7949 74.034542
-2.9744 3.7949 74.639905
-2.7692 3.7949 74.746627
-2.5641 3.7949 74.360072
-2.3590 3.7949 73.491256
-2.1538 3.7949 72.156516
-1.9487 3.7949 70.377132
-1.7436 3.7949 68.178907
-1.5385 3.7949 65.591721
-1.3333 3.7949 62.649046
-1.1282 3.7949 59.387448
-0.9231 3.7949 55.846065
-0.7179 3.7949 52.066075
-0.5128 3.7949 48.090157
-0.3077 3.7949 43.961958
-0.1026 3.7949 39.725555
0.1026 3.7949 35.424932
0.3077 3.7949 31.103478
0.5128 3.7949 26.803497
0.7179 3.7949 22.565744
0.9231 3.7949 18.428998
1.1282 3.7949 14.429661
1.3333 3.7949 10.601393
1.5385 3.7949 6.974793
1.7436 3.7949 3.577116
1.9487 3.7949 0.432038
2.1538 3.7949 -2.440537
2.3590 3.7949 -5.024615
2.5641 3.7949 -7.308213
2.7692 3.7949 -9.283405
2.9744 3.7949 -10.946320
3.1795 3.7949 -12.297101
3.3846 3.7949 -13.339811
3.5897 3.7949 -14.082297
3.7949 3.7949 -14.536018
4.0000 3.7949 -14.715829
-4.0000 4.0000 69.897634
-3.7949 4.0000 72.585952
-3.5897 4.0000 74.797284
-3.3846 4.0000 76.510559
-3.1795 4.0000 77.711416
-2.9744 4.0000 78.392104
-2.7692 4.0000 78.551302
-2.5641 4.0000 78.193889
-2.3590 4.0000 77.330663
-2.1538 4.0000 75.977998
-1.9487 4.0000 74.157461
-1.7436 4.0000 71.895392
-1.5385 4.0000 69.222435
-1.3333 4.0000 66.173055
-1.1282 4.0000 62.785014
-0.9231 4.0000 59.098839
-0.7179 4.0000 55.157272
-0.5128 4.0000 51.004712
-0.3077 4.0000 46.686656
-0.1026 4.0000 42.249147
0.1026 4.0000 37.738225
0.3077 4.0000 33.199400
0.5128 4.0000 28.677139
0.7179 4.0000 24.214383
0.9231 4.0000 19.852087
1.1282 4.0000 15.628802
1.3333 4.0000 11.580285
1.5385 4.0000 7.739154
1.7436 4.0000 4.134589
1.9487 4.0000 0.792069
2.1538 4.0000 -2.266833
2.3590 4.0000 -5.024615
2.5641 4.0000 -7.467956
2.7692 4.0000 -9.587779
2.9744 4.0000 -11.379266
3.1795 4.0000 -12.841823
3.3846 4.0000 -13.978997
3.5897 4.0000 -14.798346
3.7949 4.0000 -15.311272
4.0000 4.0000 -15.532808
