-4.0 0.9467204254109062
-3.9192 0.9412126531509869
-3.8384 0.9351745019185191
-3.7576 0.928563233122042
-3.6768 0.9213344272950754
-3.596 0.9134423141375393
-3.5152 0.9048402040774949
-3.4343 0.8954689619032418
-3.3535 0.8853049393620935
-3.2727 0.8742913628753611
-3.1919 0.8623846033888326
-3.1111 0.8495441473798939
-3.0303 0.8357338025299407
-2.9495 0.8209230165888947
-2.8687 0.8050882835732668
-2.7879 0.788214600412285
-2.7071 0.7702969256101058
-2.6263 0.7513415802846758
-2.5455 0.7313675221819536
-2.4646 0.7103808825445638
-2.3838 0.68848076206154
-2.303 0.6657039228090444
-2.2222 0.6421273896442217
-2.1414 0.6178426304825706
-2.0606 0.5929545658823587
-1.9798 0.5675800660382843
-1.899 0.5418459640475174
-1.8182 0.5158866464390862
-1.7374 0.4898413118706087
-1.6566 0.4638510134632184
-1.5758 0.438055616743553
-1.4949 0.41255955475528094
-1.4141 0.38755470080608917
-1.3333 0.3631285428416346
-1.2525 0.3393887616636058
-1.1717 0.31642987095703207
-1.0909 0.29433211388769065
-1.0101 0.27316087295187763
-0.9293 0.25296656862493533
-0.8485 0.23378499879312042
-0.7677 0.21563805379667345
-0.6869 0.19853473159136195
-0.6061 0.18247237373295833
-0.5253 0.16743804472042878
-0.4444 0.15339323410104297
-0.3636 0.14034350428161863
-0.2828 0.12823580259123357
-0.202 0.11703045362513262
-0.1212 0.10668441329393283
-0.0404 0.09715237451965865
0.0404 0.08838773729065609
0.1212 0.08034344104866487
0.202 0.0729726629544798
0.2828 0.06622938963799042
0.3636 0.060068872759773816
0.4444 0.054447980308321875
0.5253 0.04931940885087758
0.6061 0.04465659865305724
0.6869 0.0404158839238676
0.7677 0.03656246691660203
0.8485 0.03306379127885526
0.9293 0.02988951872161059
1.0101 0.02701147752381545
1.0909 0.024403589732192102
1.1717 0.02204178285861872
1.2525 0.01990389090998571
1.3333 0.017969548719326076
1.4141 0.016220082785609588
1.4949 0.014638401170702814
1.5758 0.013207203488345913
1.6566 0.011915760590555637
1.7374 0.010749223543815559
1.8182 0.009695768282497446
1.899 0.008744642087987302
1.9798 0.007886075564527532
2.0606 0.007111200094370182
2.1414 0.0064119707975989655
2.2222 0.005781094923175282
2.303 0.00521196552415619
2.3838 0.0046986002169109265
2.4646 0.0042355847875312925
2.5455 0.0038175308836576986
2.6263 0.0034410387341359213
2.7071 0.0031015613523371756
2.7879 0.0027954813322875562
2.8687 0.002519530718526965
2.9495 0.0022707580151520006
3.0303 0.0020464981641862318
3.1111 0.0018443452539929452
3.1919 0.0016621277321346363
3.2727 0.0014978859112247923
3.3535 0.0013498515705454058
3.4343 0.0012164294702442064
3.5152 0.0010960393974532498
3.596 9.876798016559608E-4
3.6768 8.900235985296234E-4
3.7576 8.020153378075801E-4
3.8384 7.227033086421083E-4
3.9192 6.512294066218159E-4
4.0 5.868199785842288E-4
