-4.0 8.14682093673777E-4
-3.9192 8.982587891035897E-4
-3.8384 9.904009610775168E-4
-3.7576 0.0010919846219383151
-3.6768 0.0012039749808284213
-3.596 0.0013274354406241527
-3.5152 0.0014635374839547617
-3.4343 0.00161376642297383
-3.3535 0.0017791736992407586
-3.2727 0.0019615015248986884
-3.1919 0.0021624736346083162
-3.1111 0.0023839878190312215
-3.0303 0.0026281331675996086
-2.9495 0.0028972089475556703
-2.8687 0.0031937452588538654
-2.7879 0.003520525612905562
-2.7071 0.003880611591171999
-2.6263 0.004277369746998642
-2.5455 0.004714500920478308
-2.4646 0.0051966974821143755
-2.3838 0.005727240111825606
-2.303 0.006311603392212732
-2.2222 0.006955173498268994
-2.1414 0.007663859876307849
-2.0606 0.008444142703189364
-1.9798 0.009303123918268968
-1.899 0.010248581931860222
-1.8182 0.011289030073669307
-1.7374 0.012433778791044578
-1.6566 0.013693001537242181
-1.5758 0.015077804201086824
-1.4949 0.016602272738304107
-1.4141 0.018275844463315708
-1.3333 0.020114667851101633
-1.2525 0.02213433300532329
-1.1717 0.02435174819884412
-1.0909 0.026785219055250626
-1.0101 0.02945452528596831
-0.9293 0.03238099293207584
-0.8485 0.03558755960512987
-0.7677 0.039098829707550166
-0.6869 0.04294111604180781
-0.6061 0.047142463594012994
-0.5253 0.05173265061181877
-0.4444 0.05674963648435275
-0.3636 0.06221418207137295
-0.2828 0.06816689365104972
-0.202 0.07464383160586391
-0.1212 0.08168223604565383
-0.0404 0.08932025277196272
0.0404 0.09759658625695057
0.1212 0.10655007215591182
0.202 0.1162191629304284
0.2828 0.1266413218669791
0.3636 0.13785232324532934
0.4444 0.1498854597344977
0.5253 0.1627871483741915
0.6061 0.17655112931223182
0.6869 0.1912130857420798
0.7677 0.206786893179506
0.8485 0.2232789711880239
0.9293 0.24068724959798016
1.0101 0.2590002067674153
1.0909 0.278196027584913
1.1717 0.29824193165135726
1.2525 0.31909372204426284
1.3333 0.34069560166413276
1.4141 0.362980296994376
1.4949 0.3858695180901646
1.5758 0.40930401619843176
1.6566 0.4331282071944102
1.7374 0.4572656408497474
1.8182 0.4816054037879919
1.899 0.5060327783183975
1.9798 0.5304313846684016
2.0606 0.5546853898107191
2.1414 0.57868169433095
2.2222 0.6023120102841631
2.303 0.6254747503813124
2.3838 0.6480766613709674
2.4646 0.6700341508879205
2.5455 0.6913000919049362
2.6263 0.7117601976807727
2.7071 0.7313911481550031
2.7879 0.7501544243663024
2.8687 0.7680227317032995
2.9495 0.7849794335775603
3.0303 0.8010177891990905
3.1111 0.8161400462620066
3.1919 0.8303564379294833
3.2727 0.8436841296604467
3.3535 0.8561461558701616
3.4343 0.8677703798647485
3.5152 0.8786014069425063
3.596 0.8886471176269805
3.6768 0.8979580936605609
3.7576 0.9065723683776438
3.8384 0.9145286534053452
3.9192 0.9218657783685693
4.0 0.928622220130102
