-4.0 0.3159419654627846
-3.9192 0.3197776508610059
-3.8384 0.3236378717513451
-3.7576 0.327522254530685
-3.6768 0.33143041329673095
-3.596 0.3353619499235004
-3.5152 0.3393164541490306
-3.4343 0.3432984395567224
-3.3535 0.34729762725374813
-3.2727 0.35131847945076516
-3.1919 0.3553605384519912
-3.1111 0.35942333505039675
-3.0303 0.36350638869009405
-2.9495 0.36760920764120675
-2.8687 0.3717312891871722
-2.7879 0.37587211982440605
-2.7071 0.380031175474239
-2.6263 0.38420792170700957
-2.5455 0.38840181397817614
-2.4646 0.3926175189188751
-2.3838 0.3968440499080232
-2.303 0.4010860344352695
-2.2222 0.40534289008093055
-2.1414 0.4096140256652432
-2.0606 0.413898841552438
-1.9798 0.41819672996523116
-1.899 0.4225070753094193
-1.8182 0.4268292545082384
-1.7374 0.43116263734612853
-1.6566 0.43550658682152477
-1.5758 0.43986045950827773
-1.4949 0.4442290113345472
-1.4141 0.44860078658156616
-1.3333 0.4529805191282397
-1.2525 0.45736754361609006
-1.1717 0.4617611901838996
-1.0909 0.46616078487156953
-1.0101 0.4705656500293496
-0.9293 0.47497510473191284
-0.8485 0.47938846519674716
-0.7677 0.48380504520631745
-0.6869 0.4882241565334497
-0.6061 0.4926451093693774
-0.5253 0.4970672127538865
-0.4444 0.5014952484734372
-0.3636 0.5059175769108045
-0.2828 0.5103389795724307
-0.202 0.5147587652167283
-0.1212 0.5191762436133812
-0.0404 0.5235907259740499
0.0404 0.528001525381162
0.1212 0.532407957214223
0.202 0.5368093395730872
0.2828 0.5412049936976342
0.3636 0.5455942443833061
0.4444 0.5499764203919701
0.5253 0.5543562636909675
0.6061 0.5587222837108413
0.6869 0.5630792423557237
0.7677 0.5674264882572612
0.8485 0.5717633759802062
0.9293 0.5760892663946275
1.0101 0.5804035270400453
1.0909 0.584705532481072
1.1717 0.5889946646541543
1.2525 0.5932703132050282
1.3333 0.5975318758165273
1.4141 0.6017787585263937
1.4949 0.6060103760347713
1.5758 0.6102313594951678
1.6566 0.6144307061688925
1.7374 0.6186130859458611
1.8182 0.6227779510465178
1.899 0.6269247637268769
1.9798 0.6310529965185075
2.0606 0.6351621324565497
2.1414 0.6392516652956161
2.2222 0.6433210997134565
2.303 0.6473699515022879
2.3838 0.6513977477477111
2.4646 0.6554040269951602
2.5455 0.6593932566911185
2.6263 0.6633551361801069
2.7071 0.6672941840233321
2.7879 0.671209986034968
2.8687 0.6751021401340107
2.9495 0.6789702564359804
3.0303 0.6828139573323704
3.1111 0.6866328775579542
3.1919 0.6904266642460806
3.2727 0.6941949769720984
3.3535 0.6979374877850778
3.4343 0.7016538812280012
3.5152 0.7053484046542559
3.596 0.7090116337621426
3.6768 0.7126478737892791
3.7576 0.7162568592481399
3.8384 0.7198383370803649
3.9192 0.7233920666123096
4.0 0.7269178195006955
