-4.0 0.947825809475997
-3.9192 0.943075157094002
-3.8384 0.9379202719624655
-3.7576 0.9323320755762674
-3.6768 0.926280387251254
-3.596 0.919734077485306
-3.5152 0.9126612665405093
-3.4343 0.9050197686823382
-3.3535 0.8967958643714631
-3.2727 0.8879480523225612
-3.1919 0.8784445217256822
-3.1111 0.8682545533848423
-3.0303 0.8573490798329696
-2.9495 0.84570130922499
-2.8687 0.8332874079023043
-2.7879 0.8200872330578891
-2.7071 0.806085103019257
-2.6263 0.7912705884362167
-2.5455 0.7756393033078361
-2.4646 0.7591728158083505
-2.3838 0.7419217924075276
-2.303 0.7238844799743346
-2.2222 0.7050876271581211
-2.1414 0.6855669842622771
-2.0606 0.6653674696418423
-1.9798 0.6445431238967643
-1.899 0.6231568310868536
-1.8182 0.6012797948528813
-1.7374 0.5789907677867248
-1.6566 0.5563750440759532
-1.5758 0.5335232375872169
-1.4949 0.5105013743292214
-1.4141 0.4874633782798744
-1.3333 0.4644785232753865
-1.2525 0.4416435747085515
-1.1717 0.41905278177798255
-1.0909 0.39679634826998983
-1.0101 0.37495904406714553
-0.9293 0.35361900074277386
-0.8485 0.33284672412606564
-0.7677 0.31270434494846217
-0.6869 0.29324511654839486
-0.6061 0.27451315700754125
-0.5253 0.2565434227703129
-0.4444 0.23934112443711408
-0.3636 0.22296616861744867
-0.2828 0.20740606086884214
-0.202 0.19266260154215484
-0.1212 0.17873084703455475
-0.0404 0.1655998787015171
0.0404 0.15325359484459794
0.1212 0.14167150085283722
0.202 0.13082947681006768
0.2828 0.12070050623184965
0.3636 0.11125535380511148
0.4444 0.1024631838807898
0.5253 0.09428237362447044
0.6061 0.08670067483918763
0.6869 0.07967502391103641
0.7677 0.07317307238402333
0.8485 0.0671629967490564
0.9293 0.06161374297165522
1.0101 0.056495220919304784
1.0909 0.051778454037974986
1.1717 0.04743568965699412
1.2525 0.04344047515485218
1.3333 0.03976770494544798
1.4141 0.03639364288676831
1.4949 0.03329592430622039
1.5758 0.030450173537146727
1.6566 0.027843727508012596
1.7374 0.025454528286257373
1.8182 0.023265433873220272
1.899 0.021260494908808443
1.9798 0.019424898864094754
2.0606 0.01774491180890228
2.1414 0.016207818989706402
2.2222 0.014801865219743183
2.303 0.013516195881120088
2.3838 0.012340799165507729
2.4646 0.011266450032939655
2.5455 0.010283495202913615
2.6263 0.009386545988711338
2.7071 0.008567153464541514
2.7879 0.007818724726599266
2.8687 0.0071352083642767595
2.9495 0.006511053180836957
3.0303 0.0059411695113522804
3.1111 0.00542089307443319
3.1919 0.004945951274262185
3.2727 0.00451243185499373
3.3535 0.004116753799672555
3.4343 0.0037556403596013
3.5152 0.0034257046428165946
3.596 0.0031250184440398308
3.6768 0.002850649041413936
3.7576 0.0026003058035963932
3.8384 0.0023718953467172514
3.9192 0.002163504908071014
4.0 0.0019733870604939784
