-4.0 0.897720514409917
-3.9192 0.8934074382442128
-3.8384 0.8889349837922261
-3.7576 0.8842991748108389
-3.6768 0.8794960994307305
-3.596 0.8745219269979069
-3.5152 0.8693729259497691
-3.4343 0.8640387773254433
-3.3535 0.8585291889310981
-3.2727 0.8528343615814868
-3.1919 0.8469511588542702
-3.1111 0.8408766472575786
-3.0303 0.8346081194792018
-2.9495 0.8281431182622853
-2.8687 0.8214794607885805
-2.7879 0.814615263433138
-2.7071 0.8075489667369853
-2.6263 0.8002793604270114
-2.5455 0.7928056082952982
-2.4646 0.7851176430366511
-2.3838 0.7772344559645578
-2.303 0.7691471019499957
-2.2222 0.7608564801656876
-2.1414 0.7523639785154
-2.0606 0.7436714929026463
-1.9798 0.7347814446706349
-1.899 0.725696795945266
-1.8182 0.7164210626157497
-1.7374 0.7069583246942317
-1.6566 0.6973132338069449
-1.5758 0.6874910175850169
-1.4949 0.677485008935807
-1.4141 0.667326330905906
-1.3333 0.6570096685478762
-1.2525 0.6465425292414506
-1.1717 0.635932965353562
-1.0909 0.6251895565976195
-1.0101 0.6143213884793096
-0.9293 0.6033380268739845
-0.8485 0.5922494888285903
-0.7677 0.5810662097296652
-0.6869 0.5697990070273298
-0.6061 0.5584590407524403
-0.5253 0.5470577711092248
-0.4444 0.5355927158002345
-0.3636 0.5241041542952805
-0.2828 0.5125900252396711
-0.202 0.5010625191915296
-0.1212 0.4895338834983325
-0.0404 0.4780163703077649
0.0404 0.4665221845352815
0.1212 0.4550634322572721
0.202 0.443652069992154
0.2828 0.4322998553180634
0.3636 0.42101829925540024
0.4444 0.40981862081577136
0.5253 0.3986980197600611
0.6061 0.38769450801108674
0.6869 0.3768043765668468
0.7677 0.366037276759643
0.8485 0.3554023846531479
0.9293 0.34490837491554216
1.0101 0.3345633985475634
1.0909 0.32437506451926607
1.1717 0.3143504253226112
1.2525 0.30449596640249227
1.3333 0.294817599387139
1.4141 0.2853206590006061
1.4949 0.2760099035057021
1.5758 0.26687835039364904
1.6566 0.2579521978236791
1.7374 0.24922310301286288
1.8182 0.24069358588541345
1.899 0.23236563793253306
1.9798 0.22424073928601698
2.0606 0.2163198776700747
2.1414 0.20860356896370358
2.2222 0.20109187910972104
2.303 0.19378444711340648
2.3838 0.1866805088832227
2.4646 0.17977892167787193
2.5455 0.17307001967441032
2.6263 0.1665685610934436
2.7071 0.16026399960978047
2.7879 0.1541539267005736
2.8687 0.14823567932806428
2.9495 0.14250636391826924
3.0303 0.1369628797338111
3.1111 0.1316019415356092
3.1919 0.12642010144437169
3.2727 0.12141376992831363
3.3535 0.11657923585814134
3.4343 0.11191268558400165
3.5152 0.10740474867537612
3.596 0.10306259994964614
3.6768 0.09887654944274393
3.7576 0.09484254368688225
3.8384 0.09095650666310803
3.9192 0.08721435268969917
4.0 0.08361199830916445
