-4.0 0.0010981592676964202
-3.9192 0.0012289884105346897
-3.8384 0.001375382415254646
-3.7576 0.0015391876316665565
-3.6768 0.0017224680627189752
-3.596 0.0019275306773327248
-3.5152 0.0021569535799336372
-3.4343 0.0024139531607281317
-3.3535 0.0027011154509691453
-3.2727 0.003022334884847621
-3.1919 0.003381624537865824
-3.1111 0.003783463800806571
-3.0303 0.004232850913467355
-2.9495 0.004735360998984759
-2.8687 0.005297210067323092
-2.7879 0.0059253254673589635
-2.7071 0.006627423268690821
-2.6263 0.007412093043463715
-2.5455 0.008288890490903627
-2.4646 0.009269719019263729
-2.3838 0.01036396587269002
-2.303 0.011585872877072538
-2.2222 0.012949957040173156
-2.1414 0.014472292636319484
-2.0606 0.01617065494833559
-1.9798 0.018064671333946954
-1.899 0.02017597831215585
-1.8182 0.02252838277225376
-1.7374 0.025148024674805793
-1.6566 0.028063537719540194
-1.5758 0.031306203379884476
-1.4949 0.03491479147371762
-1.4141 0.038917402635084024
-1.3333 0.0433582557786708
-1.2525 0.04828039681920812
-1.1717 0.053729928372954136
-1.0909 0.0597559418038342
-1.0101 0.0664103640294227
-0.9293 0.07374769984567163
-0.8485 0.08182464893078971
-0.7677 0.09069957574578975
-0.6869 0.10043181061282298
-0.6061 0.11108076173974303
-0.5253 0.12270482133761175
-0.4444 0.13537637812076977
-0.3636 0.1491163643707283
-0.2828 0.16398639582720143
-0.202 0.18002554692614525
-0.1212 0.19726329372759185
-0.0404 0.2157173617656565
0.0404 0.23539157682311657
0.1212 0.25627382349551897
0.202 0.27833423394307844
0.2828 0.3015237407099638
0.3636 0.32577312996469476
0.4444 0.3509927223722136
0.5253 0.37710554545563907
0.6061 0.4039183302179276
0.6869 0.43131745539068284
0.7677 0.45914355160317327
0.8485 0.4872267817812217
0.9293 0.5153908874381441
1.0101 0.5434575721302528
1.0909 0.571250993219477
1.1717 0.5986021233052257
1.2525 0.6253527544482029
1.3333 0.6513589500091508
1.4141 0.67649379633458
1.4949 0.7006493635655126
1.5758 0.7237657284576433
1.6566 0.7457183444750146
1.7374 0.7664892285308967
1.8182 0.7860502312554496
1.899 0.8043908005287422
1.9798 0.8215161433002742
2.0606 0.8374451692018895
2.1414 0.8522083369313579
2.2222 0.8658455064372892
2.303 0.8784038790374591
2.3838 0.8899360861431036
2.4646 0.9004984670481591
2.5455 0.9101609628198278
2.6263 0.9189591907665907
2.7071 0.9269649212215051
2.7879 0.9342363905597555
2.8687 0.9408301142868198
2.9495 0.9468003715444533
3.0303 0.9521988346787535
3.1111 0.9570743221389645
3.1919 0.9614726539932438
3.2727 0.9654365909917685
3.3535 0.969005840104594
3.4343 0.9722171116044649
3.5152 0.9751076003087817
3.596 0.977701223132806
3.6768 0.9800301420580175
3.7576 0.9821202732504307
3.8384 0.9839952149104263
3.9192 0.9856764099686439
4.0 0.9871833070101809
