-4.0 0.9915061856907849
-3.9192 0.9906660736667307
-3.8384 0.989743726804542
-3.7576 0.9887312735061512
-3.6768 0.9876201254845473
-3.596 0.9864009201359527
-3.5152 0.9850634598910835
-3.4343 0.9835947483734906
-3.3535 0.9819863430870306
-3.2727 0.980223416984293
-3.1919 0.9782917742430896
-3.1111 0.9761760472626748
-3.0303 0.973859627142043
-2.9495 0.9713245959237999
-2.8687 0.9685516622284495
-2.7879 0.9655201022602544
-2.7071 0.9622077085684962
-2.6263 0.9585907493964553
-2.5455 0.9546439419417262
-2.4646 0.9503348846931876
-2.3838 0.9456458105601911
-2.303 0.940541721580931
-2.2222 0.9349912863178913
-2.1414 0.9289618515562155
-2.0606 0.9224195990343459
-1.9798 0.9153297539199203
-1.899 0.9076568517614618
-1.8182 0.8993650704181404
-1.7374 0.8904186328747761
-1.6566 0.8807822857976816
-1.5758 0.8704218570891684
-1.4949 0.8592906534167637
-1.4141 0.8473861453603134
-1.3333 0.8346682570429095
-1.2525 0.8211142722822287
-1.1717 0.8067064491399782
-1.0909 0.7914329467289879
-1.0101 0.7752887538549519
-0.9293 0.7582765881844743
-0.8485 0.7404077297780257
-0.7677 0.7217027490959387
-0.6869 0.702192087533041
-0.6061 0.6819164487015721
-0.5253 0.6609269615172767
-0.4444 0.6392579217535463
-0.3636 0.6170343780132047
-0.2828 0.5943106062392541
-0.202 0.5711755576457638
-0.1212 0.547725203550303
-0.0404 0.5240610269189542
0.0404 0.500288312442612
0.1212 0.47651429439470283
0.202 0.4528462305447388
0.2828 0.4293894751765597
0.3636 0.4062456243182579
0.4444 0.3835108016269256
0.5253 0.3612469668271918
0.6061 0.3395901225844974
0.6869 0.3185840556638871
0.7677 0.2982904687502392
0.8485 0.2787607433286628
0.9293 0.26003583475369035
1.0101 0.24214642936356726
1.0909 0.22511333067557182
1.1717 0.20894803582203292
1.2525 0.19365346048224183
1.3333 0.17922477034156903
1.4141 0.16565027911406244
1.4949 0.1529123768612437
1.5758 0.14097419350342838
1.6566 0.12983850993392398
1.7374 0.11946012066126444
1.8182 0.10980662264414716
1.899 0.10084387758245497
1.9798 0.09253665143217807
2.0606 0.08484917389776087
2.1414 0.07774561887176855
2.2222 0.0711905090334795
2.303 0.06514904943008733
2.3838 0.0595873959279643
2.4646 0.05447286502652857
2.5455 0.04976852151927944
2.6263 0.04545603172182877
2.7071 0.04150090292002463
2.7879 0.03787625454318586
2.8687 0.03455676600486722
2.9495 0.03151866820858506
3.0303 0.02873971719090847
3.1111 0.0261991537662396
3.1919 0.023877652509292423
3.2727 0.021757262919012164
3.3535 0.019821345158090753
3.4343 0.018054502358452712
3.5152 0.016440606497460868
3.596 0.014970514650616148
3.6768 0.013630054322514563
3.7576 0.01240810693672975
3.8384 0.011294453910235258
3.9192 0.010279713131368518
4.0 0.009355278240105317
