-4.0 0.983912261346358
-3.9192 0.9826544611779245
-3.8384 0.9813001904409953
-3.7576 0.9798423526403003
-3.6768 0.9782733781071205
-3.596 0.9765852004006329
-3.5152 0.9747692328917311
-3.4343 0.9728138401024456
-3.3535 0.9707141507618531
-3.2727 0.968457552607493
-3.1919 0.9660331584049339
-3.1111 0.9634294586432985
-3.0303 0.9606343074920214
-2.9495 0.9576349123592244
-2.8687 0.9544178278601371
-2.7879 0.9509689550999281
-2.7071 0.947273547273755
-2.6263 0.94331622268553
-2.5455 0.9390809863828963
-2.4646 0.9345454661206095
-2.3838 0.9297037410080905
-2.303 0.9245327908884702
-2.2222 0.9190146025708518
-2.1414 0.9131308345437052
-2.0606 0.9068629193802753
-1.9798 0.9001921845871981
-1.899 0.8930999931183949
-1.8182 0.885567904567073
-1.7374 0.8775778577597719
-1.6566 0.8691123750985409
-1.5758 0.8601547885229199
-1.4949 0.8506774512759399
-1.4141 0.8406894904963237
-1.3333 0.8301668285467632
-1.2525 0.8190986905010009
-1.1717 0.8074765150723955
-1.0909 0.7952942685728599
-1.0101 0.7825487583699606
-0.9293 0.7692399389495489
-0.8485 0.7553712028215884
-0.7677 0.7409496477832581
-0.6869 0.7259863115392693
-0.6061 0.710496364438534
-0.5253 0.6944992511786978
-0.4444 0.6779980878868747
-0.3636 0.6610618722044508
-0.2828 0.6437029895162536
-0.202 0.6259581016580529
-0.1212 0.6078678243493477
-0.0404 0.5894764265971715
0.0404 0.5708314513942557
0.1212 0.5519832630551227
0.202 0.5329845292587033
0.2828 0.5138896483984978
0.3636 0.49475413503494153
0.4444 0.4756339779674213
0.5253 0.45656147804564046
0.6061 0.43763882278058147
0.6869 0.4188959024364699
0.7677 0.40038418679953974
0.8485 0.38215255020440636
0.9293 0.3642467882948002
1.0101 0.34670920484019296
1.0909 0.3295782751939512
1.1717 0.3128883902113371
1.2525 0.2966696817129952
1.3333 0.2809479280128026
1.4141 0.26574453573755297
1.4949 0.25107659223206363
1.5758 0.23693985034988976
1.6566 0.22337811659112924
1.7374 0.21037860570165046
1.8182 0.19794278642205113
1.899 0.1860688469335874
1.9798 0.17475199509989597
2.0606 0.1639847695002774
2.1414 0.1537573539558831
2.2222 0.14405788917454143
2.303 0.1348727761214861
2.3838 0.1261869667139002
2.4646 0.11798423839777691
2.5455 0.11023815620891185
2.6263 0.10295002707941117
2.7071 0.09609169798191422
2.7879 0.08964459924901054
2.8687 0.08359005574911842
2.9495 0.07790943660716279
3.0303 0.07258428477319433
3.1111 0.06759642757596299
3.1919 0.06292806956823654
3.2727 0.05856186907666748
3.3535 0.054480999921545724
3.4343 0.05066919978063443
3.5152 0.04710655341870847
3.596 0.0437868175022728
3.6768 0.040691042698550416
3.7576 0.03780548890947076
3.8384 0.03511706986851453
3.9192 0.03261334938582012
4.0 0.030282532787841168
