-4.0 0.03129715808994322
-3.9192 0.035475426115426006
-3.8384 0.04018836411194877
-3.7576 0.04549788481282253
-3.6768 0.05147126003405699
-3.596 0.05818107137843346
-3.5152 0.0657049856850314
-3.4343 0.07413631827957054
-3.3535 0.08354052945655156
-3.2727 0.09401653190419611
-3.1919 0.10565477737922588
-3.1111 0.11854520365714666
-3.0303 0.13277484483145283
-2.9495 0.14842493463518627
-2.8687 0.1655675138475088
-2.7879 0.18426159534055855
-2.7071 0.20454899371931853
-2.6263 0.22644998837392635
-2.5455 0.24995905411451103
-2.4646 0.2750729464371795
-2.3838 0.30166133769485465
-2.303 0.3296510652401543
-2.2222 0.3589031112339715
-2.1414 0.38924365137056466
-2.0606 0.42046688575117913
-1.9798 0.4523397514156962
-1.899 0.4846083586368302
-1.8182 0.5170058138868071
-1.7374 0.5492609380700113
-1.6566 0.5811072846451882
-1.5758 0.6122918267166982
-1.4949 0.6426195688298142
-1.4141 0.6718110416139407
-1.3333 0.6997322330631391
-1.2525 0.7262459451319799
-1.1717 0.7512507565760812
-1.0909 0.7746802196667216
-1.0101 0.7965006625683947
-0.9293 0.8167079435393115
-0.8485 0.8353235184770943
-0.7677 0.8523901616572113
-0.6869 0.8679676320839587
-0.6061 0.8821285163920373
-0.5253 0.894954413898419
-0.4444 0.9065461612638075
-0.3636 0.9169652108582613
-0.2828 0.9263170677906596
-0.202 0.9346906813429576
-0.1212 0.9421720919271306
-0.0404 0.948843386504103
0.0404 0.9547819869264442
0.1212 0.9600602137358656
0.202 0.9647450714568889
0.2828 0.9688982068727265
0.3636 0.9725759981361184
0.4444 0.9758297391378741
0.5253 0.9787092332761094
0.6061 0.981249321328945
0.6869 0.9834914766425793
0.7677 0.9854694913349477
0.8485 0.9872135859537311
0.9293 0.9887507268602242
1.0101 0.9901049299042828
1.0909 0.9912975469366059
1.1717 0.9923475331214779
1.2525 0.9932716940822497
1.3333 0.9940849127001246
1.4141 0.9948003559517531
1.4949 0.9954296625612663
1.5758 0.9959837543273017
1.6566 0.996470343845748
1.7374 0.9968981640563673
1.8182 0.9972742711632228
1.899 0.9976048836987015
1.9798 0.9978954797862571
2.0606 0.9981508836117424
2.1414 0.9983753421833382
2.2222 0.9985725933804523
2.303 0.9987459262106242
2.3838 0.9988982341131157
2.4646 0.9990320620703023
2.5455 0.9991497845179269
2.6263 0.9992530803041586
2.7071 0.9993438345495431
2.7879 0.9994235680896667
2.8687 0.999493617767269
2.9495 0.9995551585938388
3.0303 0.999609223264331
3.1111 0.9996567193359857
3.1919 0.9996984443468827
3.2727 0.9997350991182578
3.3535 0.9997672994564084
3.4343 0.9997955864449115
3.5152 0.9998204642974147
3.596 0.9998422896077821
3.6768 0.9998614620855251
3.7576 0.9998783040943807
3.8384 0.9998930988446477
3.9192 0.9999060951442806
4.0 0.9999175115744586
