-4.0 0.7107685513705363
-3.9192 0.7060855028794502
-3.8384 0.7013584886164221
-3.7576 0.6965881184037542
-3.6768 0.6917750357870251
-3.596 0.6869199180344124
-3.5152 0.6820234760863786
-3.4343 0.6770803194551163
-3.3535 0.6721034473056725
-3.2727 0.6670875855694648
-3.1919 0.6620335783833339
-3.1111 0.6569423025239821
-3.0303 0.6518146670399104
-2.9495 0.6466516128282686
-2.8687 0.6414541121563744
-2.7879 0.6362231681278153
-2.7071 0.6309598140931951
-2.6263 0.6256651130057497
-2.5455 0.6203401567222185
-2.4646 0.6149794213186104
-2.3838 0.609597308090526
-2.303 0.6041883823266151
-2.2222 0.5987538434651956
-2.1414 0.5932949155550682
-2.0606 0.5878128462451953
-1.9798 0.5823089057269605
-1.899 0.5767843856307123
-1.8182 0.5712405978784416
-1.7374 0.5656788734946058
-1.6566 0.5601005613772472
-1.5758 0.5545070270317021
-1.4949 0.5488927034471156
-1.4141 0.5432728665168302
-1.3333 0.5376419920948845
-1.2525 0.5320014988050881
-1.1717 0.526352815073219
-1.0909 0.520697377691239
-1.0101 0.5150366303633958
-0.9293 0.5093720222373159
-0.8485 0.503705006423257
-0.7677 0.49803703850472125
-0.6869 0.4923695750436745
-0.6061 0.4867040720836283
-0.5253 0.4810419836538548
-0.4444 0.4753777623762525
-0.3636 0.46972685829180943
-0.2828 0.4640837056439726
-0.202 0.4584497355729399
-0.1212 0.4528263698543517
-0.0404 0.4472150194778677
0.0404 0.44161708324896287
0.1212 0.43603394641684534
0.202 0.4304669793313015
0.2828 0.42491753613117067
0.3636 0.4193869534670359
0.4444 0.41387654926059414
0.5253 0.4083808421119466
0.6061 0.4029146966457272
0.6869 0.39747256075954857
0.7677 0.3920556658361576
0.8485 0.38666521895196426
0.9293 0.38130240190053855
1.0101 0.3759683702660412
1.0909 0.3706642525478517
1.1717 0.3653911493374928
1.2525 0.36015013254878325
1.3333 0.3549422447019855
1.4141 0.3497684982625464
1.4949 0.3446298750348687
1.5758 0.3395210333085775
1.6566 0.3344555229133429
1.7374 0.3294278930219463
1.8182 0.3244389977986605
1.899 0.31948965854468053
1.9798 0.31458066342241814
2.0606 0.30971276723352303
2.1414 0.30488669124988016
2.2222 0.3001031230967043
2.303 0.295362716686737
2.3838 0.29066609220444095
2.4646 0.2860138361389806
2.5455 0.28140082726803195
2.6263 0.2768389897174187
2.7071 0.2723230794939534
2.7879 0.26785354952285223
2.8687 0.26343081988246553
2.9495 0.2590552780997909
3.0303 0.2547272794840465
3.1111 0.25044714749654245
3.1919 0.24621517415505204
3.2727 0.24203162047085877
3.3535 0.23789671691663464
3.4343 0.2338106639232889
3.5152 0.22976866651202107
3.596 0.22578085933309078
3.6768 0.22184232924426395
3.7576 0.21795316195802616
3.8384 0.21411341599949865
3.9192 0.21032312333814288
4.0 0.20658229003556436
