-4.0 0.9338488789969207
-3.9192 0.929306928231696
-3.8384 0.924478345962595
-3.7576 0.9193485777662996
-3.6768 0.9139028229015359
-3.596 0.9081261056401477
-3.5152 0.9020033585675518
-3.4343 0.8955112641278358
-3.3535 0.8886509073404039
-3.2727 0.8813997778927304
-3.1919 0.8737435382536094
-3.1111 0.8656683769487015
-3.0303 0.8571611740264372
-2.9495 0.8482096798113706
-2.8687 0.8388027059147946
-2.7879 0.8289303270126372
-2.7071 0.8185840913969546
-2.6263 0.8077572377696087
-2.5455 0.7964449151888325
-2.4646 0.7846294950421664
-2.3838 0.7723398118578205
-2.303 0.759563739771237
-2.2222 0.7463061965729656
-2.1414 0.7325750121701248
-2.0606 0.7183810741014294
-1.9798 0.703738441961237
-1.899 0.6886644253164206
-1.8182 0.6731796200998958
-1.7374 0.6573078990914345
-1.6566 0.641076352951523
-1.5758 0.6245151793467193
-1.4949 0.6076364863915228
-1.4141 0.5905179068283064
-1.3333 0.5731770812371212
-1.2525 0.55565447949995
-1.1717 0.5379923546893033
-1.0909 0.5202343476514376
-1.0101 0.5024250625355596
-0.9293 0.484609621879065
-0.8485 0.46683321059832045
-0.7677 0.44914061864006727
-0.6869 0.43157579209768965
-0.6061 0.4141814022866033
-0.5253 0.3969984416211294
-0.4444 0.3800450685078029
-0.3636 0.3633997986534412
-0.2828 0.3470754196904954
-0.202 0.33110294876915497
-0.1212 0.31551033538651346
-0.0404 0.3003223361197337
0.0404 0.28556044172583406
0.1212 0.2712428544733069
0.202 0.257384512442507
0.2828 0.24399715661578092
0.3636 0.23108943588902908
0.4444 0.2186670446754425
0.5253 0.2067184204132894
0.6061 0.19527340185932346
0.6869 0.18431481296392044
0.7677 0.1738383608361102
0.8485 0.16383778228513377
0.9293 0.15430506401658967
1.0101 0.14523066061387063
1.0909 0.1366037070625208
1.1717 0.12841222313558043
1.2525 0.12064330750273977
1.3333 0.11328331994023244
1.4141 0.10631805049090937
1.4949 0.09973287484759172
1.5758 0.09350541766724992
1.6566 0.08763601540718327
1.7374 0.08210167116211947
1.8182 0.07688737547746222
1.899 0.07197827243238909
1.9798 0.0673597341491283
2.0606 0.06301742393057869
2.1414 0.05893734889136034
2.2222 0.05510590297361761
2.303 0.051509901242598584
2.3838 0.048136606342607
2.4646 0.044973747965341405
2.5455 0.042005985919644155
2.6263 0.039229343974360745
2.7071 0.03662922344164117
2.7879 0.03419530517029071
2.8687 0.03191775629456859
2.9495 0.029787223069569147
3.0303 0.027794821316776498
3.1111 0.02593212492119377
3.1919 0.024191152772037667
3.2727 0.022564354492691955
3.3535 0.021044595262661385
3.4343 0.019625139994767754
3.5152 0.018298052321383325
3.596 0.01706062253442487
3.6768 0.01590551973212777
3.7576 0.014827444330088278
3.8384 0.013821414549061644
3.9192 0.01288275046372514
4.0 0.01200705842003443
