-4.0 0.39064110873014435
-3.9192 0.39301764831721586
-3.8384 0.3953992644796909
-3.7576 0.39778585468853167
-3.6768 0.40017731549026475
-3.596 0.40257354252333977
-3.5152 0.4049744305348378
-3.4343 0.40738285320872736
-3.3535 0.4097927493766111
-3.2727 0.41220698545424517
-3.1919 0.414625452796165
-3.1111 0.41704804195419004
-3.0303 0.4194746426961267
-2.9495 0.4219051440247836
-2.8687 0.42433943419729153
-2.7879 0.4267774007447229
-2.7071 0.42921893049200205
-2.6263 0.43166390957809947
-2.5455 0.43411222347650474
-2.4646 0.43656679303915313
-2.3838 0.4390214341940889
-2.303 0.44147906265321635
-2.2222 0.4439395614373967
-2.1414 0.446402813008289
-2.0606 0.44886869929032336
-1.9798 0.4513371016928947
-1.899 0.4538079011327697
-1.8182 0.4562809780566974
-1.7374 0.4587562124642141
-1.6566 0.4612334839306353
-1.5758 0.4637126716302226
-1.4949 0.4661967259446533
-1.4141 0.46867938414164945
-1.3333 0.4711635937713539
-1.2525 0.47364923263832553
-1.1717 0.4761361782642532
-1.0909 0.47862430791198296
-1.0101 0.48111349860965325
-0.9293 0.48360362717492905
-0.8485 0.48609457023932423
-0.7677 0.488586204272603
-0.6869 0.49107840560724964
-0.6061 0.49357105046299504
-0.5253 0.49606401497139196
-0.4444 0.4985602608647987
-0.3636 0.5010534928555138
-0.2828 0.5035466724572705
-0.202 0.5060396756952751
-0.1212 0.5085323786298122
-0.0404 0.5110246573808861
0.0404 0.5135163881528381
0.1212 0.5160074472589276
0.202 0.5184977111458681
0.2828 0.5209870564183058
0.3636 0.5234753598632325
0.4444 0.5259624984743205
0.5253 0.5284514251760016
0.6061 0.5309358642272927
0.6869 0.5334187707567333
0.7677 0.535900022826574
0.8485 0.5383794988259468
0.9293 0.5408570774945282
1.0101 0.5433326379460549
1.0909 0.5458060596916844
1.1717 0.5482772226631892
1.2525 0.550746007235976
1.3333 0.5532122942519204
1.4141 0.5556759650420089
1.4949 0.5581369014487778
1.5758 0.5605980262167206
1.6566 0.5630531377946847
1.7374 0.5655051636636038
1.8182 0.567953987933006
1.899 0.5703994953328512
1.9798 0.5728415712345756
2.0606 0.5752801016718752
2.1414 0.5777149733612205
2.2222 0.5801460737220954
2.303 0.5825732908969523
2.3838 0.5849965137708771
2.4646 0.5874156319909565
2.5455 0.5898335220718276
2.6263 0.5922440976511828
2.7071 0.5946502421459378
2.7879 0.5970518484397227
2.8687 0.5994488102703383
2.9495 0.6018410222472038
3.0303 0.6042283798684666
3.1111 0.6066107795377644
3.1919 0.6089881185806401
3.2727 0.6113602952605982
3.3535 0.6137272087948054
3.4343 0.6160887593694239
3.5152 0.6184477606815048
3.596 0.6207982829049656
3.6768 0.6231431485699186
3.7576 0.6254822618857249
3.8384 0.6278155281018407
3.9192 0.6301428535208922
4.0 0.6324641455113607
