-4.0 0.3322567784805561
-3.9192 0.33547105679495476
-3.8384 0.338700657823472
-3.7576 0.3419453516953334
-3.6768 0.34520490321918423
-3.596 0.3484790719274173
-3.5152 0.35176761212421387
-3.4343 0.35507436903234396
-3.3535 0.3583909114669591
-3.2727 0.36172105714340025
-3.1919 0.3650645400016336
-3.1111 0.3684210890494566
-3.0303 0.3717904284328008
-2.9495 0.37517227750970306
-2.8687 0.3785663509279196
-2.7879 0.3819723587061551
-2.7071 0.3853900063188741
-2.6263 0.3888189947846568
-2.5455 0.3922590207580567
-2.4646 0.3957140538819391
-2.3838 0.3991752405569375
-2.303 0.4026465290957812
-2.2222 0.40612759967898515
-2.1414 0.40961812863321256
-2.0606 0.41311778854301456
-1.9798 0.4166262483656537
-1.899 0.4201431735489299
-1.8182 0.4236682261519307
-1.7374 0.42720106496861826
-1.6566 0.4307413456541632
-1.5758 0.4342887208539323
-1.4949 0.43784724303074934
-1.4141 0.4414077615062653
-1.3333 0.4449743152592482
-1.2525 0.44854654623233653
-1.1717 0.45212409403974185
-1.0909 0.4557065961099873
-1.0101 0.45929368783054525
-0.9293 0.4628850026942518
-0.8485 0.46648017244737683
-0.7677 0.4700788272392224
-0.6869 0.4736805957731242
-0.6061 0.47728510545872266
-0.5253 0.48089198256537613
-0.4444 0.4845053198791067
-0.3636 0.48811580861623355
-0.2828 0.49172753782322376
-0.202 0.4953401307599758
-0.1212 0.49895321032573686
-0.0404 0.5025663992165045
0.0404 0.5061793200826091
0.1212 0.5097915956863369
0.202 0.5134028490594527
0.2828 0.5170127036604845
0.3636 0.5206207835316297
0.4444 0.5242267134551427
0.5253 0.5278345770511571
0.6061 0.5314350813474206
0.6869 0.535032315576728
0.7677 0.5386259090320702
0.8485 0.5422154925160749
0.9293 0.545800698491433
1.0101 0.54938116122987
1.0909 0.552956516959535
1.1717 0.5565264040106824
1.2525 0.5600904629595259
1.3333 0.5636483367701428
1.4141 0.5671996709343161
1.4949 0.5707441136091977
1.5758 0.574285688848677
1.6566 0.5778152947497975
1.7374 0.5813369705443708
1.8182 0.5848503763843554
1.899 0.5883551757391531
1.9798 0.5918510355180131
2.0606 0.5953376261895633
2.1414 0.598814621898383
2.2222 0.6022817005785378
2.303 0.6057385440640026
2.3838 0.6091848381958975
2.4646 0.6126202729264741
2.5455 0.6160487733342719
2.6263 0.6194615616869186
2.7071 0.622862585786609
2.7879 0.6262515530084438
2.8687 0.6296281753078674
2.9495 0.6329921693039774
3.0303 0.6363432563592366
3.1111 0.6396811626555587
3.1919 0.643005619266739
3.2727 0.6463163622272091
3.3535 0.6496131325970989
3.4343 0.6528956765235902
3.5152 0.6561677808684637
3.596 0.6594211126175153
3.6768 0.662659487153213
3.7576 0.6658826715167229
3.8384 0.6690904380873289
3.9192 0.6722825646215085
4.0 0.675458834288327
