-4.0 0.9985724174424301
-3.9192 0.9983445063206031
-3.8384 0.9980802795267619
-3.7576 0.9977739745721897
-3.6768 0.9974189228875441
-3.596 0.9970074102098638
-3.5152 0.9965305164434007
-3.4343 0.9959771967901925
-3.3535 0.9953368979055457
-3.2727 0.9945952374002852
-3.1919 0.993736359048984
-3.1111 0.9927419911393092
-3.0303 0.991591100738346
-2.9495 0.9902595061448297
-2.8687 0.9887194452068474
-2.7879 0.9869390981668125
-2.7071 0.9848820652205035
-2.6263 0.9825068012227328
-2.5455 0.9797660131561773
-2.4646 0.9766018354465816
-2.3838 0.9729613338511133
-2.303 0.968772521276339
-2.2222 0.9639588186757714
-2.1414 0.9584349225849058
-2.0606 0.9521064637336512
-1.9798 0.9448698937000836
-1.899 0.9366126952324384
-1.8182 0.9272140310104917
-1.7374 0.916545963131896
-1.6566 0.904475388199836
-1.5758 0.8908668359019862
-1.4949 0.875566265047488
-1.4141 0.858483662945648
-1.3333 0.839485841217762
-1.2525 0.8184769254097611
-1.1717 0.7953884646645517
-1.0909 0.7701878782638858
-1.0101 0.742886822592739
-0.9293 0.7135487331568647
-0.8485 0.6822946635432472
-0.7677 0.6493065018416543
-0.6869 0.614826735667805
-0.6061 0.5791541832199774
-0.5253 0.5426355030712905
-0.4444 0.5056069015525294
-0.3636 0.4685624053120217
-0.2828 0.43186120100644754
-0.202 0.39589319675656215
-0.1212 0.3610172845866249
-0.0404 0.32754789605599804
0.0404 0.29574526769722176
0.1212 0.2658098887016161
0.202 0.23788108723330934
0.2828 0.21203927836183128
0.3636 0.1883111026866733
0.4444 0.1666765481854619
0.5253 0.14705412319948688
0.6061 0.12940381090908099
0.6869 0.1135898666137223
0.7677 0.09948763985211102
0.8485 0.08696444189359151
0.9293 0.0758847863117903
1.0101 0.06611451174703022
1.0909 0.057523870546996966
1.1717 0.04998971060811191
1.2525 0.04339689644372412
1.3333 0.03763911653437646
1.4141 0.032619213775184924
1.4949 0.02824915940798539
1.5758 0.02444539317271372
1.6566 0.021146462663690507
1.7374 0.01828438208879227
1.8182 0.01580341749249952
1.899 0.013654406940579141
1.9798 0.011794125302717793
2.0606 0.010184672155947276
2.1414 0.008792894415255171
2.2222 0.007589850498433123
2.303 0.006550319314199022
2.3838 0.005652354856851291
2.4646 0.004876885467457977
2.5455 0.00420658656026629
2.6263 0.003628744106346571
2.7071 0.003130028126937775
2.7879 0.0026996674022847973
2.8687 0.0023283405773414697
2.9495 0.002007985213948749
3.0303 0.0017316309009423453
3.1111 0.0014932536776077795
3.1919 0.001287649260912466
3.2727 0.001110322805110746
3.3535 9.57393154520361E-4
3.4343 8.255097707184552E-4
3.5152 7.116501460735626E-4
3.596 6.135977061675235E-4
3.6768 5.290479557311975E-4
3.7576 4.5614329035881024E-4
3.8384 3.932811905875587E-4
3.9192 3.390793147833605E-4
4.0 2.9234533779627593E-4
