-4.0000
-3.9192
-3.8384
-3.7576
-3.6768
-3.5960
-3.5152
-3.4343
-3.3535
-3.2727
-3.1919
-3.1111
-3.0303
-2.9495
-2.8687
-2.7879
-2.7071
-2.6263
-2.5455
-2.4646
-2.3838
-2.3030
-2.2222
-2.1414
-2.0606
-1.9798
-1.8990
-1.8182
-1.7374
-1.6566
-1.5758
-1.4949
-1.4141
-1.3333
-1.2525
-1.1717
-1.0909
-1.0101
-0.9293
-0.8485
-0.7677
-0.6869
-0.6061
-0.5253
-0.4444
-0.3636
-0.2828
-0.2020
-0.1212
-0.0404
0.0404
0.1212
0.2020
0.2828
0.3636
0.4444
0.5253
0.6061
0.6869
0.7677
0.8485
0.9293
1.0101
1.0909
1.1717
1.2525
1.3333
1.4141
1.4949
1.5758
1.6566
1.7374
1.8182
1.8990
1.9798
2.0606
2.1414
2.2222
2.3030
2.3838
2.4646
2.5455
2.6263
2.7071
2.7879
2.8687
2.9495
3.0303
3.1111
3.1919
3.2727
3.3535
3.4343
3.5152
3.5960
3.6768
3.7576
3.8384
3.9192
4.0000
