-4.0 -4.0 -3.0365653896500717
-3.7949 -4.0 -1.9424717792653112
-3.5897 -4.0 -1.054239644417244
-3.3846 -4.0 -0.3867879747860208
-3.1795 -4.0 0.05070134489560019
-2.9744 -4.0 0.2556257541923834
-2.7692 -4.0 0.23383735786343252
-2.5641 -4.0 4.3156251023646064E-4
-2.359 -4.0 -0.41750603562081423
-2.1538 -4.0 -0.9802837047018045
-1.9487 -4.0 -1.637184218565178
-1.7436 -4.0 -2.3261361262270768
-1.5385 -4.0 -2.979327888264823
-1.3333 -4.0 -3.5282397248841644
-1.1282 -4.0 -3.9156681584716466
-0.9231 -4.0 -4.098367989664815
-0.7179 -4.0 -4.055827720929436
-0.5128 -4.0 -3.7995384080989214
-0.3077 -4.0 -3.3627045100343813
-0.1026 -4.0 -2.800936803388625
0.1026 -4.0 -2.1797495684488526
0.3077 -4.0 -1.5726332297892611
0.5128 -4.0 -1.038715473733312
0.7179 -4.0 -0.6240368122660129
0.9231 -4.0 -0.3538244677867475
1.1282 -4.0 -0.23927236223630288
1.3333 -4.0 -0.26786535948381385
1.5385 -4.0 -0.4128196524268333
1.7436 -4.0 -0.6405167778575844
1.9487 -4.0 -0.9055032598343686
2.1538 -4.0 -1.1599390919313919
2.359 -4.0 -1.3542735475627836
2.5641 -4.0 -1.4431553610719945
2.7692 -4.0 -1.382107799694836
2.9744 -4.0 -1.1321168226579914
3.1795 -4.0 -0.6617795367550272
3.3846 -4.0 0.05541083908030231
3.5897 -4.0 1.0384154053959307
3.7949 -4.0 2.299308642765652
4.0 -4.0 3.842301830618652
-4.0 -3.7949 -2.6719733330101683
-3.7949 -3.7949 -1.6320925016171017
-3.5897 -3.7949 -0.7824665947873513
-3.3846 -3.7949 -0.13788913280887982
-3.1795 -3.7949 0.29214251900818056
-2.9744 -3.7949 0.5042769611196434
-2.7692 -3.7949 0.5030871753261081
-2.5641 -3.7949 0.3019038730961796
-2.359 -3.7949 -0.07462256781467858
-2.1538 -3.7949 -0.589865639565673
-1.9487 -3.7949 -1.196645333645268
-1.7436 -3.7949 -1.836979443227829
-1.5385 -3.7949 -2.4473131079676236
-1.3333 -3.7949 -2.9632993181716607
-1.1282 -3.7949 -3.3310690500953495
-0.9231 -3.7949 -3.5098076639223716
-0.7179 -3.7949 -3.479970811546364
-0.5128 -3.7949 -3.25197749815349
-0.3077 -3.7949 -2.856653890231585
-0.1026 -3.7949 -2.345917383412582
0.1026 -3.7949 -1.7811446745997728
0.3077 -3.7949 -1.2314502240136953
0.5128 -3.7949 -0.7527758613616236
0.7179 -3.7949 -0.3890479300869991
0.9231 -3.7949 -0.16482183611288548
1.1282 -3.7949 -0.09149767806387743
1.3333 -3.7949 -0.1580083264572174
1.5385 -3.7949 -0.33952495039831376
1.7436 -3.7949 -0.6043117762708263
1.9487 -3.7949 -0.9089939011177819
2.1538 -3.7949 -1.2075055833388575
2.359 -3.7949 -1.45185612927758
2.5641 -3.7949 -1.5978333088169947
2.7692 -3.7949 -1.6020751005664309
2.9744 -3.7949 -1.4264779705405104
3.1795 -3.7949 -1.0402635681548134
3.3846 -3.7949 -0.4174980833544879
3.5897 -3.7949 0.4604537540755871
3.7949 -3.7949 1.6055587042400816
4.0 -3.7949 3.022239570895948
-4.0 -3.5897 -2.310125318658841
-3.7949 -3.5897 -1.3278539312726743
-3.5897 -3.5897 -0.5201427295195664
-3.3846 -3.5897 0.09838422254625101
-3.1795 -3.5897 0.5179647403266543
-2.9744 -3.5897 0.7345505624686623
-2.7692 -3.5897 0.7515008830343888
-2.5641 -3.5897 0.5804480652102697
-2.359 -3.5897 0.2436837720170537
-2.1538 -3.5897 -0.22515671085292155
-1.9487 -3.5897 -0.7823584018017335
-1.7436 -3.5897 -1.373955341642123
-1.5385 -3.5897 -1.9406061812604296
-1.3333 -3.5897 -2.4221179669107986
-1.1282 -3.5897 -2.7679836112812612
-0.9231 -3.5897 -2.939900322349323
-0.7179 -3.5897 -2.9194270200300885
-0.5128 -3.5897 -2.7161114496511853
-0.3077 -3.5897 -2.3586339487206214
-0.1026 -3.5897 -1.8954702224043452
0.1026 -3.5897 -1.3840996325961914
0.3077 -3.5897 -0.8894775397771273
0.5128 -3.5897 -0.46451383283468317
0.7179 -3.5897 -0.15112367613232536
0.9231 -3.5897 0.026767531626830987
1.1282 -3.5897 0.057586098614208936
1.3333 -3.5897 -0.04895768282221269
1.5385 -3.5897 -0.269828650789794
1.7436 -3.5897 -0.5749548655799401
1.9487 -3.5897 -0.9227896722658144
2.1538 -3.5897 -1.268772587463836
2.359 -3.5897 -1.5662339982364912
2.5641 -3.5897 -1.771891074334512
2.7692 -3.5897 -1.8433421738763869
2.9744 -3.5897 -1.7433003849975464
3.1795 -3.5897 -1.4415633793627052
3.3846 -3.5897 -0.9127648969679498
3.5897 -3.5897 -0.13861847189300391
3.7949 -3.5897 0.8926838581821386
4.0 -3.5897 2.1857191822673485
-4.0 -3.3846 -1.9516972439524594
-3.7949 -3.3846 -1.030453306650628
-3.5897 -3.3846 -0.2679855630756869
-3.3846 -3.3846 0.3213026355537387
-3.1795 -3.3846 0.7274296055937306
-2.9744 -3.3846 0.945713409895351
-2.7692 -3.3846 0.9783606978644848
-2.5641 -3.3846 0.8353785753995666
-2.359 -3.3846 0.5367773041695649
-2.1538 -3.3846 0.11328502824424547
-1.9487 -3.3846 -0.3947637869621836
-1.7436 -3.3846 -0.9373516223701213
-1.5385 -3.3846 -1.459286472494032
-1.3333 -3.3846 -1.9045008095484466
-1.1282 -3.3846 -2.2258725288486563
-0.9231 -3.3846 -2.3876764970812516
-0.7179 -3.3846 -2.372706375395383
-0.5128 -3.3846 -2.189838407016514
-0.3077 -3.3846 -1.8658442295796633
-0.1026 -3.3846 -1.4460206871109853
0.1026 -3.3846 -0.9842124480152705
0.3077 -3.3846 -0.5414496085401321
0.5128 -3.3846 -0.16779209799181416
0.7179 -3.3846 0.09673255139207981
0.9231 -3.3846 0.22878514966691554
1.1282 -3.3846 0.21664967093046883
1.3333 -3.3846 0.06879699754331625
1.5385 -3.3846 -0.19334542107592867
1.7436 -3.3846 -0.5411129354795357
1.9487 -3.3846 -0.9345113285043212
2.1538 -3.3846 -1.330216710823528
2.359 -3.3846 -1.6826398400784868
2.5641 -3.3846 -1.949244708889161
2.7692 -3.3846 -2.0884753274291583
2.9744 -3.3846 -2.063798641847683
3.1795 -3.3846 -1.8455681809216955
3.3846 -3.3846 -1.4090067952895424
3.5897 -3.3846 -0.7362141275487915
3.7949 -3.3846 0.18440745442382678
4.0 -3.3846 1.3575263933715007
-4.0 -3.1795 -1.5948117119119054
-3.7949 -3.1795 -0.7380852351574774
-3.5897 -3.1795 -0.024257396479494986
-3.3846 -3.1795 0.5325328516210952
-3.1795 -3.1795 0.9221401209217781
-2.9744 -3.1795 1.1393006836881305
-2.7692 -3.1795 1.1851398051784585
-2.5641 -3.1795 1.0681087592938852
-2.359 -3.1795 0.8060203921693834
-2.1538 -3.1795 0.4267780493654172
-1.9487 -3.1795 -0.03258170942666361
-1.7436 -3.1795 -0.525903958396917
-1.5385 -3.1795 -1.0020885542877007
-1.3333 -3.1795 -1.4091550113942404
-1.1282 -3.1795 -1.7033751692742527
-0.9231 -3.1795 -1.8516662799239736
-0.7179 -3.1795 -1.8381769899576548
-0.5128 -3.1795 -1.6713021458046926
-0.3077 -3.1795 -1.3761378383207195
-0.1026 -3.1795 -0.9950650340101004
0.1026 -3.1795 -0.5785563537006029
0.3077 -3.1795 -0.18395837879196542
0.5128 -3.1795 0.14132911299192408
0.7179 -3.1795 0.35905423758207533
0.9231 -3.1795 0.44642759497533646
1.1282 -3.1795 0.39165236996048236
1.3333 -3.1795 0.20211321595119358
1.5385 -3.1795 -0.10213374311926415
1.7436 -3.1795 -0.4935477510318229
1.9487 -3.1795 -0.9333992313754642
2.1538 -3.1795 -1.3793395315685721
2.359 -3.1795 -1.786673489599778
2.5641 -3.1795 -2.1134892633105054
2.7692 -3.1795 -2.3190291391672346
2.9744 -3.1795 -2.367523666994458
3.1795 -3.1795 -2.2299164009967143
3.3846 -3.1795 -1.8820704294723143
3.5897 -3.1795 -1.3065347804748626
3.7949 -3.1795 -0.49197801831505217
4.0 -3.1795 0.5663025704431917
-4.0 -2.9744 -1.2390958884549814
-3.7949 -2.9744 -0.4504356139299155
-3.5897 -2.9744 0.21129650845271009
-3.3846 -2.9744 0.732271051205668
-3.1795 -2.9744 1.1022322187936187
-2.9744 -2.9744 1.3153941016055946
-2.7692 -2.9744 1.3718666857269497
-2.5641 -2.9744 1.2786221748026758
-2.359 -2.9744 1.051351653820758
-2.1538 -2.9744 0.7152272280553138
-1.9487 -2.9744 0.30407311926794556
-1.7436 -2.9744 -0.13973670489801648
-1.5385 -2.9744 -0.5691235983345067
-1.3333 -2.9744 -0.9361536081704322
-1.1282 -2.9744 -1.2004942101140008
-0.9231 -2.9744 -1.3317585254747382
-0.7179 -2.9744 -1.3155648009382643
-0.5128 -2.9744 -1.1600078046840168
-0.3077 -2.9744 -0.8887346877675262
-0.1026 -2.9744 -0.5414687627231687
0.1026 -2.9744 -0.16556892700944026
0.3077 -2.9744 0.1850648775435193
0.5128 -2.9744 0.46552141928688684
0.7179 -2.9744 0.6392282770454276
0.9231 -2.9744 0.6839558490269582
1.1282 -2.9744 0.5879401620837648
1.3333 -2.9744 0.3576980922879329
1.5385 -2.9744 0.012193009875094418
1.7436 -2.9744 -0.4218480637923676
1.9487 -2.9744 -0.9066775724962035
2.1538 -2.9744 -1.4007274670707943
2.359 -2.9744 -1.8600942757902175
2.5641 -2.9744 -2.2434817398401847
2.7692 -2.9744 -2.51099530232117
2.9744 -2.9744 -2.6277195597908403
3.1795 -2.9744 -2.5653010045031124
3.3846 -2.9744 -2.3003378829231877
3.5897 -2.9744 -1.815905797130462
3.7949 -2.9744 -1.1010001020829066
4.0 -2.9744 -0.15092921561110728
-4.0 -2.7692 -0.8838073327746745
-3.7949 -2.7692 -0.16683696630029665
-3.5897 -2.7692 0.43926681861470307
-3.3846 -2.7692 0.921032158337308
-3.1795 -2.7692 1.2681399161627436
-2.9744 -2.7692 1.4743463603248514
-2.7692 -2.7692 1.538809930549288
-2.5641 -2.7692 1.467095166917753
-2.359 -2.7692 1.2728584461153822
-2.1538 -2.7692 0.9786224771928165
-1.9487 -2.7692 0.6150891148631352
-1.7436 -2.7692 0.2209314205132351
-1.5385 -2.7692 -0.1607231731050529
-1.3333 -2.7692 -0.48594499111445977
-1.1282 -2.7692 -0.7177995196070555
-0.9231 -2.7692 -0.8286421833816142
-0.7179 -2.7692 -0.8056690807057061
-0.5128 -2.7692 -0.65685009110764
-0.3077 -2.7692 -0.4045940949848089
-0.1026 -2.7692 -0.08621311831517398
0.1026 -2.7692 0.2538150181334622
0.3077 -2.7692 0.5648267236902793
0.5128 -2.7692 0.8042722812336276
0.7179 -2.7692 0.9372280836962812
0.9231 -2.7692 0.942101512895201
1.1282 -2.7692 0.8073606940793852
1.3333 -2.7692 0.5389407870188272
1.5385 -2.7692 0.15504946179242296
1.7436 -2.7692 -0.3180975763489897
1.9487 -2.7692 -0.8435202065965726
2.1538 -2.7692 -1.3803402209367732
2.359 -2.7692 -1.8854832212882933
2.5641 -2.7692 -2.318417227700163
2.7692 -2.7692 -2.640298390906871
2.9744 -2.7692 -2.817270238741685
3.1795 -2.7692 -2.8218598814757314
3.3846 -2.7692 -2.6315340387153654
3.5897 -2.7692 -2.2299851281989334
3.7949 -2.7692 -1.6065862801306423
4.0 -2.7692 -0.7566858140481614
-4.0 -2.5641 -0.5322745858138269
-3.7949 -2.5641 0.10935659750875537
-3.5897 -2.5641 0.6562738552889584
-3.3846 -2.5641 1.0954059309983784
-3.1795 -2.5641 1.4164263662265704
-2.9744 -2.5641 1.6126888993661943
-2.7692 -2.5641 1.6824670034778162
-2.5641 -2.5641 1.62999473394866
-2.359 -2.5641 1.4669693468000702
-2.1538 -2.5641 1.2133562546491419
-1.9487 -2.5641 0.8968148670193781
-1.7436 -2.5641 0.5524038688680868
-1.5385 -2.5641 0.21935986557252463
-1.3333 -2.5641 -0.06234463052018935
-1.1282 -2.5641 -0.2591813046645228
-0.9231 -2.5641 -0.346295215033555
-0.7179 -2.5641 -0.3125662708414749
-0.5128 -2.5641 -0.16600628559633812
-0.3077 -2.5641 0.07200798988481583
-0.1026 -2.5641 0.36635849810542664
0.1026 -2.5641 0.6752433308504102
0.3077 -2.5641 0.9510820050217657
0.5128 -2.5641 1.1536306480253895
0.7179 -2.5641 1.2496684463145193
0.9231 -2.5641 1.2184322243436938
1.1282 -2.5641 1.048909216864324
1.3333 -2.5641 0.7468105774259008
1.5385 -2.5641 0.3299301351834636
1.7436 -2.5641 -0.17577965930552253
1.9487 -2.5641 -0.7340150585505505
2.1538 -2.5641 -1.3046615419197778
2.359 -2.5641 -1.8456964844586103
2.5641 -2.5641 -2.3176584773303297
2.7692 -2.5641 -2.6830781133039387
2.9744 -2.5641 -2.909436061792647
3.1795 -2.5641 -2.970371197672808
3.3846 -2.5641 -2.8443644083938047
3.5897 -2.5641 -2.51580844669229
3.7949 -2.5641 -1.9744832699866812
4.0 -2.5641 -1.215783005274286
-4.0 -2.359 -0.185712227522858
-3.7949 -2.359 0.3768735362026483
-3.5897 -2.359 0.8609824875989602
-3.3846 -2.359 1.2539888964971997
-3.1795 -2.359 1.5456103804847068
-2.9744 -2.359 1.7288532737490545
-2.7692 -2.359 1.801170652182087
-2.5641 -2.359 1.7655333409173952
-2.359 -2.359 1.6317586131817592
-2.1538 -2.359 1.4173304740896615
-1.9487 -2.359 1.1469428669697912
-1.7436 -2.359 0.8521103688879652
-1.5385 -2.359 0.5682341424183486
-1.3333 -2.359 0.3313524486063679
-1.1282 -2.359 0.1715742252998611
-0.9231 -2.359 0.1109030102052655
-0.7179 -2.359 0.15866600206984272
-0.5128 -2.359 0.30664923049692744
-0.3077 -2.359 0.5343278577813284
-0.1026 -2.359 0.8085967366702262
0.1026 -2.359 1.0901935805696032
0.3077 -2.359 1.334561868257416
0.5128 -2.359 1.5038201811252243
0.7179 -2.359 1.566641091465252
0.9231 -2.359 1.503398259695384
1.1282 -2.359 1.3039832695278903
1.3333 -2.359 0.9742726876744285
1.5385 -2.359 0.5319419938188474
1.7436 -2.359 0.0027923443594417563
1.9487 -2.359 -0.577631612430288
2.1538 -2.359 -1.1702640871958963
2.359 -2.359 -1.7345276020204423
2.5641 -2.359 -2.2324845499298256
2.7692 -2.359 -2.6284384619979946
2.9744 -2.359 -2.8915310202973252
3.1795 -2.359 -2.996744110850358
3.3846 -2.359 -2.923706705879731
3.5897 -2.359 -2.6575694682465354
3.7949 -2.359 -2.1885194820646703
4.0 -2.359 -1.5119720757615305
-4.0 -2.1538 0.15352451887701601
-3.7949 -2.1538 0.6333270920252403
-3.5897 -2.1538 1.0509659838547618
-3.3846 -2.1538 1.3943052827783395
-3.1795 -2.1538 1.6531537936739475
-2.9744 -2.1538 1.8202254595992118
-2.7692 -2.1538 1.8922121974946524
-2.5641 -2.1538 1.870884087345754
-2.359 -2.1538 1.7642455847882417
-2.1538 -2.1538 1.5873685333777665
-1.9487 -2.1538 1.3620459590101897
-1.7436 -2.1538 1.1162985803982632
-1.5385 -2.1538 0.8817265045180127
-1.3333 -2.1538 0.6904403959986825
-1.1282 -2.1538 0.5690884980565456
-0.9231 -2.1538 0.53674731054525
-0.7179 -2.1538 0.6008340885394408
-0.5128 -2.1538 0.7527755232934182
-0.3077 -2.1538 0.9727504497788357
-0.1026 -2.1538 1.2295444792659915
0.1026 -2.1538 1.4863881030459591
0.3077 -2.1538 1.7018108362741051
0.5128 -2.1538 1.8404919393316455
0.7179 -2.1538 1.8733297610689164
0.9231 -2.1538 1.7822610130133683
1.1282 -2.1538 1.5585208711171674
1.3333 -2.1538 1.2085048679803556
1.5385 -2.1538 0.7499440697048669
1.7436 -2.1538 0.20841398869045236
1.9487 -2.1538 -0.3816055890564236
2.1538 -2.1538 -0.9825648403317082
2.359 -2.1538 -1.555863899137055
2.5641 -2.1538 -2.0656108410465848
2.7692 -2.1538 -2.478298076287306
2.9744 -2.1538 -2.7650232944317388
3.1795 -2.1538 -2.902318066583881
3.3846 -2.1538 -2.8710405021494942
3.5897 -2.1538 -2.6571232428290017
3.7949 -2.1538 -2.2511325408821747
4.0 -2.1538 -1.6484540607405158
-4.0 -1.9487 0.4784524094456941
-3.7949 -1.9487 0.8717773526411019
-3.5897 -1.9487 1.219322189156693
-3.3846 -1.9487 1.509483574258578
-3.1795 -1.9487 1.7322065457361884
-2.9744 -1.9487 1.8799617602795156
-2.7692 -1.9487 1.9487371484597533
-2.5641 -1.9487 1.9391599104425241
-2.359 -1.9487 1.8574821292283081
-2.1538 -1.9487 1.7164182678023074
-1.9487 -1.9487 1.5349124264570095
-1.7436 -1.9487 1.3375284105593588
-1.5385 -1.9487 1.1520749308817892
-1.3333 -1.9487 1.006715341641521
-1.1282 -1.9487 0.9245812071643051
-0.9231 -1.9487 0.9217232678712397
-0.7179 -1.9487 1.0035184975816929
-0.5128 -1.9487 1.1608965561649645
-0.3077 -1.9487 1.374615019144822
-0.1026 -1.9487 1.6152981423856732
0.1026 -1.9487 1.848720163605937
0.3077 -1.9487 2.036680889288503
0.5128 -1.9487 2.1467617056674406
0.7179 -1.9487 2.1525355323922764
0.9231 -1.9487 2.03799647677849
1.1282 -1.9487 1.7961445042783897
1.3333 -1.9487 1.4341403784008229
1.5385 -1.9487 0.9697617119606434
1.7436 -1.9487 0.4280648941546623
1.9487 -1.9487 -0.15802341021458233
2.1538 -1.9487 -0.7530653667224811
2.359 -1.9487 -1.3210177285011646
2.5641 -1.9487 -1.8285451671991453
2.7692 -1.9487 -2.2446834653095458
2.9744 -1.9487 -2.542722509967529
3.1795 -1.9487 -2.7008684779314756
3.3846 -1.9487 -2.701246901262355
3.5897 -1.9487 -2.5305529423004067
3.7949 -1.9487 -2.179682280124311
4.0 -1.9487 -1.6439232676202948
-4.0 -1.7436 0.7841389194357928
-3.7949 -1.7436 1.087343232455439
-3.5897 -1.7436 1.3612130883761293
-3.3846 -1.7436 1.5947173651859754
-3.1795 -1.7436 1.7779775729706984
-2.9744 -1.7436 1.9032712683451867
-2.7692 -1.7436 1.9659291323149488
-2.5641 -1.7436 1.9654879446158549
-2.359 -1.7436 1.9064948167775864
-2.1538 -1.7436 1.7993562564626182
-1.9487 -1.7436 1.6601965810740955
-1.7436 -1.7436 1.510134731914576
-1.5385 -1.7436 1.3731826170446855
-1.3333 -1.7436 1.2735087278979118
-1.1282 -1.7436 1.23064584661874
-0.9231 -1.7436 1.2575021534680173
-0.7179 -1.7436 1.3572848215644413
-0.5128 -1.7436 1.5202975801646443
-0.3077 -1.7436 1.7278066445915852
-0.1026 -1.7436 1.9522891274830956
0.1026 -1.7436 2.1622121626751847
0.3077 -1.7436 2.3229563053782956
0.5128 -1.7436 2.4054481061642887
0.7179 -1.7436 2.3864597549508915
0.9231 -1.7436 2.2525419935411843
1.1282 -1.7436 1.998799748924604
1.3333 -1.7436 1.6332551708934187
1.5385 -1.7436 1.1735354106357168
1.7436 -1.7436 0.6437115416096795
1.9487 -1.7436 0.0745623467410681
2.1538 -1.7436 -0.5012140868495933
2.359 -1.7436 -1.0506776223131489
2.5641 -1.7436 -1.5434696968096908
2.7692 -1.7436 -1.9514416091594278
2.9744 -1.7436 -2.250215773036178
3.1795 -1.7436 -2.4197378306415978
3.3846 -1.7436 -2.4433906071846927
3.5897 -1.7436 -2.30859372555382
3.7949 -1.7436 -2.006503792749591
4.0 -1.7436 -1.5322514106815284
-4.0 -1.5385 1.0634322504740186
-3.7949 -1.5385 1.2730033783687205
-3.5897 -1.5385 1.469735807598884
-3.3846 -1.5385 1.6432106546977328
-3.1795 -1.5385 1.7837700649332509
-2.9744 -1.5385 1.8835406828675725
-2.7692 -1.5385 1.9372395240229707
-2.5641 -1.5385 1.9433595941142996
-2.359 -1.5385 1.9047847237190296
-2.1538 -1.5385 1.829647711987004
-1.9487 -1.5385 1.731271478074447
-1.7436 -1.5385 1.627334877823447
-1.5385 -1.5385 1.538016720598595
-1.3333 -1.5385 1.4834362110641182
-1.1282 -1.5385 1.4794251189214522
-0.9231 -1.5385 1.5356338659619955
-0.7179 -1.5385 1.652968404481778
-0.5128 -1.5385 1.821007678114158
-0.3077 -1.5385 2.0214868410328464
-0.1026 -1.5385 2.2288113544997126
0.1026 -1.5385 2.4143606366695938
0.3077 -1.5385 2.5474686437143346
0.5128 -1.5385 2.602898272875512
0.7179 -1.5385 2.5611413835335313
0.9231 -1.5385 2.411739875258508
1.1282 -1.5385 2.1521285943855073
1.3333 -1.5385 1.7911268423035622
1.5385 -1.5385 1.345878621467591
1.7436 -1.5385 0.8389288711336729
1.9487 -1.5385 0.2982970530277491
2.1538 -1.5385 -0.246623263312582
2.359 -1.5385 -0.7664362287013482
2.5641 -1.5385 -1.2340738783988066
2.7692 -1.5385 -1.6243688648153594
2.9744 -1.5385 -1.9153453249175953
3.1795 -1.5385 -2.088700665110345
3.3846 -1.5385 -2.129041584713516
3.5897 -1.5385 -2.024456449935247
3.7949 -1.5385 -1.7663133421350317
4.0 -1.5385 -1.3495238732059356
-4.0 -1.3333 1.3095429201057107
-3.7949 -1.3333 1.4221463223769926
-3.5897 -1.3333 1.5384546728575892
-3.3846 -1.3333 1.6486961473895496
-3.1795 -1.3333 1.7434743018279795
-2.9744 -1.3333 1.8148019489728107
-2.7692 -1.3333 1.8568321178388134
-2.5641 -1.3333 1.8670484904956708
-2.359 -1.3333 1.8467119750938588
-2.1538 -1.3333 1.8017070747984898
-1.9487 -1.3333 1.742569458560208
-1.7436 -1.3333 1.6835247731853396
-1.5385 -1.3333 1.640886941300045
-1.3333 -1.3333 1.6306532304962258
-1.1282 -1.3333 1.6648599592824918
-0.9231 -1.3333 1.7497833393255116
-0.7179 -1.3333 1.8839179895890568
-0.5128 -1.3333 2.056033438061939
-0.3077 -1.3333 2.2483296470201624
-0.1026 -1.3333 2.437243032283427
0.1026 -1.3333 2.5973056647209107
0.3077 -1.3333 2.702181679579338
0.5128 -1.3333 2.7309282141507385
0.7179 -1.3333 2.6682113837327375
0.9231 -1.3333 2.506896834395196
1.1282 -1.3333 2.246850866322889
1.3333 -1.3333 1.8975347459084162
1.5385 -1.3333 1.4752256803167576
1.7436 -1.3333 1.0004135309752051
1.9487 -1.3333 0.49783347910171116
2.1538 -1.3333 -0.006874236713779069
2.359 -1.3333 -0.4881792892093415
2.5641 -1.3333 -0.9225050153412298
2.7692 -1.3333 -1.2877535860800968
2.9744 -1.3333 -1.564370848316532
3.1795 -1.3333 -1.7357914156076504
3.3846 -1.3333 -1.787805085114492
3.5897 -1.3333 -1.7091280946013718
3.7949 -1.3333 -1.4912891149466425
4.0 -1.3333 -1.1289460340478463
-4.0 -1.1282 1.5119752659979007
-3.7949 -1.1282 1.5245718845307437
-3.5897 -1.1282 1.5574604620751127
-3.3846 -1.1282 1.6015528871858167
-3.1795 -1.1282 1.6477500979259472
-2.9744 -1.1282 1.6879981160756206
-2.7692 -1.1282 1.7159236511831697
-2.5641 -1.1282 1.7280460218492568
-2.359 -1.1282 1.7240355359955437
-2.1538 -1.1282 1.7075601023144709
-1.9487 -1.1282 1.6863760610649634
-1.7436 -1.1282 1.6712546293721116
-1.5385 -1.1282 1.6746087653945028
-1.3333 -1.1282 1.7082592288745029
-1.1282 -1.1282 1.780362144923581
-0.9231 -1.1282 1.8937256213866558
-0.7179 -1.1282 2.044342091741356
-0.5128 -1.1282 2.2201067122419236
-0.3077 -1.1282 2.4036837658133194
-0.1026 -1.1282 2.573626630062604
0.1026 -1.1282 2.7078229461507854
0.3077 -1.1282 2.784565287641515
0.5128 -1.1282 2.787565620987972
0.7179 -1.1282 2.705999972800533
0.9231 -1.1282 2.5362685100318387
1.1282 -1.1282 2.2806878267339314
1.3333 -1.1282 1.9491712713131264
1.5385 -1.1282 1.556775724603849
1.7436 -1.1282 1.1215166040226823
1.9487 -1.1282 0.66445068269344
2.1538 -1.1282 0.2071541474800238
2.359 -1.1282 -0.22890851329203166
2.5641 -1.1282 -0.6237606278880339
2.7692 -1.1282 -0.9584087575921512
2.9744 -1.1282 -1.215715955528628
3.1795 -1.1282 -1.3808289325968133
3.3846 -1.1282 -1.4406855132021175
3.5897 -1.1282 -1.3845999961782027
3.7949 -1.1282 -1.2042365619786892
4.0 -1.1282 -0.893971374413848
-4.0 -0.9231 1.6641193054204235
-3.7949 -0.9231 1.5739810216687413
-3.5897 -0.9231 1.5207577731855748
-3.3846 -0.9231 1.4960838144317536
-3.1795 -0.9231 1.4911988688326057
-2.9744 -0.9231 1.4980224589161093
-2.7692 -0.9231 1.5096990152552827
-2.5641 -0.9231 1.5218204686321295
-2.359 -0.9231 1.5325105699988826
-2.1538 -0.9231 1.5432417770438343
-1.9487 -0.9231 1.5590125499542187
-1.7436 -0.9231 1.5871350458034579
-1.5385 -0.9231 1.636101694778438
-1.3333 -0.9231 1.7135121398332123
-1.1282 -0.9231 1.823582411624011
-0.9231 -0.9231 1.9655781223454198
-0.7179 -0.9231 2.1329180258944893
-0.5128 -0.9231 2.3125724489453594
-0.3077 -0.9231 2.48765534623381
-0.1026 -0.9231 2.6388840478367124
0.1026 -0.9231 2.74762413199275
0.3077 -0.9231 2.7969899329406145
0.5128 -0.9231 2.7755822862157453
0.7179 -0.9231 2.6772954395510817
0.9231 -0.9231 2.502195197926186
1.1282 -0.9231 2.2550280432462095
1.3333 -0.9231 1.9460045986687167
1.5385 -0.9231 1.5887144644501117
1.7436 -0.9231 1.1984104534804576
1.9487 -0.9231 0.7922214630820577
2.1538 -0.9231 0.38747885773373625
2.359 -0.9231 0.0014726325357354852
2.5641 -0.9231 -0.34947084229284187
2.7692 -0.9231 -0.6494703957199022
2.9744 -0.9231 -0.8837961074438159
3.1795 -0.9231 -1.0392874952444373
3.3846 -0.9231 -1.1040159792829023
3.5897 -0.9231 -1.0678777956860142
3.7949 -0.9231 -0.9226648006505371
4.0 -0.9231 -0.6624651601559144
-4.0 -0.7179 1.760660108055486
-3.7949 -0.7179 1.5654058207748962
-3.5897 -0.7179 1.4237260738528086
-3.3846 -0.7179 1.328009493997695
-3.1795 -0.7179 1.269880945288861
-2.9744 -0.7179 1.2412746344103196
-2.7692 -0.7179 1.2348949757936607
-2.5641 -0.7179 1.2454505272917356
-2.359 -0.7179 1.2695526741498444
-2.1538 -0.7179 1.306518894112851
-1.9487 -0.7179 1.3586051048991985
-1.7436 -0.7179 1.4296714728301732
-1.5385 -0.7179 1.5242825059850897
-1.3333 -0.7179 1.6457959595458336
-1.1282 -0.7179 1.7944406031221325
-0.9231 -0.7179 1.9658973951239211
-0.7179 -0.7179 2.150958809130902
-0.5128 -0.7179 2.3356147348869056
-0.3077 -0.7179 2.5033882166563046
-0.1026 -0.7179 2.6371487886088865
0.1026 -0.7179 2.7217583852792115
0.3077 -0.7179 2.7452266552804696
0.5128 -0.7179 2.7011431227325025
0.7179 -0.7179 2.588233446750813
0.9231 -0.7179 2.4102891615083735
1.1282 -0.7179 2.174485526473152
1.3333 -0.7179 1.891253402295451
1.5385 -0.7179 1.5725839656286826
1.7436 -0.7179 1.2308242189865375
1.9487 -0.7179 0.879062050123494
2.1538 -0.7179 0.5303009638719551
2.359 -0.7179 0.1976178291767834
2.5641 -0.7179 -0.106328052516659
2.7692 -0.7179 -0.36876883580876196
2.9744 -0.7179 -0.5773726257088914
3.1795 -0.7179 -0.7206724107452835
3.3846 -0.7179 -0.7878703016484909
3.5897 -0.7179 -0.7694497031599479
3.7949 -0.7179 -0.6573347344250884
4.0 -0.7179 -0.4453358189384886
-4.0 -0.5128 1.7951516185053897
-3.7949 -0.5128 1.4928013656817392
-3.5897 -0.5128 1.2607158133662537
-3.3846 -0.5128 1.092081714362271
-3.1795 -0.5128 0.9789459876514659
-2.9744 -0.5128 0.913302368080755
-2.7692 -0.5128 0.8874637999730162
-2.5641 -0.5128 0.8952988361852583
-2.359 -0.5128 0.9319507081693104
-2.1538 -0.5128 0.9946181825128697
-1.9487 -0.5128 1.0828418612222102
-1.7436 -0.5128 1.1970534467533795
-1.5385 -0.5128 1.3378963646196071
-1.3333 -0.5128 1.5044833827450352
-1.1282 -0.5128 1.6930447336143013
-0.9231 -0.5128 1.8956503779354996
-0.7179 -0.5128 2.1004284214349394
-0.5128 -0.5128 2.292326473582464
-0.3077 -0.5128 2.455196195587492
-0.1026 -0.5128 2.5739662702251502
0.1026 -0.5128 2.636915385959983
0.3077 -0.5128 2.6368882876747968
0.5128 -0.5128 2.5724521477336895
0.7179 -0.5128 2.4471760132236655
0.9231 -0.5128 2.2686156149989403
1.1282 -0.5128 2.046399256080715
1.3333 -0.5128 1.791185603046456
1.5385 -0.5128 1.513363316158209
1.7436 -0.5128 1.2223614032136538
1.9487 -0.5128 0.9272152572599914
2.1538 -0.5128 0.6366034547553028
2.359 -0.5128 0.35939347159060375
2.5641 -0.5128 0.10458706165491805
2.7692 -0.5128 -0.11815819271939354
2.9744 -0.5128 -0.2989147757706174
3.1795 -0.5128 -0.42791438290455197
3.3846 -0.5128 -0.49550788901639287
3.5897 -0.5128 -0.492780305029223
3.7949 -0.5128 -0.41181458103876345
4.0 -0.5128 -0.24615506156463063
-4.0 -0.3077 1.7677433359315078
-3.7949 -0.3077 1.3566535758953346
-3.5897 -0.3077 1.0325479328735216
-3.3846 -0.3077 0.7894453252758371
-3.1795 -0.3077 0.619862422779315
-2.9744 -0.3077 0.5158979291759227
-2.7692 -0.3077 0.46951859405225704
-2.5641 -0.3077 0.47379565684582303
-2.359 -0.3077 0.5224505165286697
-2.1538 -0.3077 0.6106034636931561
-1.9487 -0.3077 0.7351122717147813
-1.7436 -0.3077 0.8930053898911563
-1.5385 -0.3077 1.0810246070482226
-1.3333 -0.3077 1.2940507278343603
-1.1282 -0.3077 1.5243202768316948
-0.9231 -0.3077 1.7602814630104024
-0.7179 -0.3077 1.987365134791868
-0.5128 -0.3077 2.18940091230671
-0.3077 -0.3077 2.3504545070601566
-0.1026 -0.3077 2.457357439523059
0.1026 -0.3077 2.501638383654954
0.3077 -0.3077 2.4808238090312296
0.5128 -0.3077 2.3983627600117776
0.7179 -0.3077 2.2626437917441358
0.9231 -0.3077 2.0850175672379008
1.1282 -0.3077 1.877642679457491
1.3333 -0.3077 1.6515020839058918
1.5385 -0.3077 1.415480110044128
1.7436 -0.3077 1.1761743301174992
1.9487 -0.3077 0.9386407645269461
2.1538 -0.3077 0.7072816799573616
2.359 -0.3077 0.4867865033277816
2.5641 -0.3077 0.2825114960815789
2.7692 -0.3077 0.10100106119615049
2.9744 -0.3077 -0.050237825477900344
3.1795 -0.3077 -0.16316001231709443
3.3846 -0.3077 -0.22929082135774337
3.5897 -0.3077 -0.24035430441310446
3.7949 -0.3077 -0.18861514130924562
4.0 -0.3077 -0.06738898479640199
-4.0 -0.1026 1.6814357785080762
-3.7949 -0.1026 1.1602534545208059
-3.5897 -0.1026 0.7427990785329683
-3.3846 -0.1026 0.42396382761781837
-3.1795 -0.1026 0.196772201919293
-2.9744 -0.1026 0.05347540311083243
-2.7692 -0.1026 -0.014257710676261581
-2.5641 -0.1026 -0.014108025876934605
-2.359 -0.1026 0.04626333669196825
-2.1538 -0.1026 0.1599440496718838
-1.9487 -0.1026 0.3211373476022086
-1.7436 -0.1026 0.5235035415291946
-1.5385 -0.1026 0.7599097227034708
-1.3333 -0.1026 1.0210330758397497
-1.1282 -0.1026 1.2951267562877327
-0.9231 -0.1026 1.5670253748119283
-0.7179 -0.1026 1.8194289883639385
-0.5128 -0.1026 2.0349569195855057
-0.3077 -0.1026 2.1977380188516715
-0.1026 -0.1026 2.296297387854164
0.1026 -0.1026 2.325175683681377
0.3077 -0.1026 2.2863642042406935
0.5128 -0.1026 2.188050590887343
0.7179 -0.1026 2.0433861346661466
0.9231 -0.1026 1.8675696084528957
1.1282 -0.1026 1.6754183648011587
1.3333 -0.1026 1.4784143078432574
1.5385 -0.1026 1.2841122949449701
1.7436 -0.1026 1.0964439117030738
1.9487 -0.1026 0.9166039728176436
2.1538 -0.1026 0.7448056948796475
2.359 -0.1026 0.5816012130017532
2.5641 -0.1026 0.42871529675608677
2.7692 -0.1026 0.28956738824154904
2.9744 -0.1026 0.16921267046903132
3.1795 -0.1026 0.07394134137651243
3.3846 -0.1026 0.011006934091028597
3.5897 -0.1026 -0.011987521344087426
3.7949 -0.1026 0.012463739743729718
4.0 -0.1026 0.09124374238700028
-4.0 0.1026 1.5448436073428589
-3.7949 0.1026 0.9124127257898138
-3.5897 0.1026 0.40046710317714584
-3.3846 0.1026 0.004809706667828095
-3.1795 0.1026 -0.28097965658543345
-2.9744 0.1026 -0.4644569000469083
-2.7692 0.1026 -0.5542063840894613
-2.5641 0.1026 -0.5586203617745742
-2.359 0.1026 -0.48669576027266714
-2.1538 0.1026 -0.347345164734838
-1.9487 0.1026 -0.1489821627998058
-1.7436 0.1026 0.09871339497105858
-1.5385 0.1026 0.384766901565035
-1.3333 0.1026 0.6956844882753526
-1.1282 0.1026 1.0157625542146587
-0.9231 0.1026 1.3262245606959002
-0.7179 0.1026 1.6070132692746597
-0.5128 0.1026 1.8394238195929784
-0.3077 0.1026 2.0074721287578523
-0.1026 0.1026 2.101121941566161
0.1026 0.1026 2.1176537693906567
0.3077 0.1026 2.0632655214045226
0.5128 0.1026 1.9507141587576111
0.7179 0.1026 1.7978731355038766
0.9231 0.1026 1.6238665080487387
1.1282 0.1026 1.4463495772964858
1.3333 0.1026 1.2775390159961448
1.5385 0.1026 1.123902191167466
1.7436 0.1026 0.9869115116611082
1.9487 0.1026 0.8640594680684561
2.1538 0.1026 0.7514627772850178
2.359 0.1026 0.6455808554186957
2.5641 0.1026 0.544515099831413
2.7692 0.1026 0.4485323036584985
2.9744 0.1026 0.36019771968500347
3.1795 0.1026 0.28399680737013444
3.3846 0.1026 0.22591331804107284
3.5897 0.1026 0.19282129339776422
3.7949 0.1026 0.19195346107172284
4.0 0.1026 0.23034508505768336
-4.0 0.3077 1.367985528201924
-3.7949 0.3077 0.6232534935273826
-3.5897 0.3077 0.015774666293825845
-3.3846 0.3077 -0.457700761965139
-3.1795 0.3077 -0.8029965508682793
-2.9744 0.3077 -1.0274322329449461
-2.7692 0.3077 -1.1398021039168142
-2.5641 0.3077 -1.149172909183207
-2.359 0.3077 -1.0658385067212954
-2.1538 0.3077 -0.9006715515047148
-1.9487 0.3077 -0.6646780879457701
-1.7436 0.3077 -0.3708384701366434
-1.5385 0.3077 -0.03393163764378748
-1.3333 0.3077 0.3284223269984139
-1.1282 0.3077 0.6965911865200702
-0.9231 0.3077 1.0482067882963957
-0.7179 0.3077 1.360410244061379
-0.5128 0.3077 1.6130552858662064
-0.3077 0.3077 1.7898339317129697
-0.1026 0.3077 1.8818718993774013
0.1026 0.3077 1.888874661129604
0.3077 0.3077 1.8209736752731107
0.5128 0.3077 1.6953215391973755
0.7179 0.3077 1.5344751275729838
0.9231 0.3077 1.3615929203675279
1.1282 0.3077 1.1973947676847292
1.3333 0.3077 1.0551085976476395
1.5385 0.3077 0.9403896570316919
1.7436 0.3077 0.8525010115440592
1.9487 0.3077 0.7853980469378277
2.1538 0.3077 0.7312046911345975
2.359 0.3077 0.6823327482802242
2.5641 0.3077 0.6332563311123254
2.7692 0.3077 0.5810571336712673
2.9744 0.3077 0.5257574244252128
3.1795 0.3077 0.4699821282405914
3.3846 0.3077 0.4183845547096734
3.5897 0.3077 0.37705397867063617
3.7949 0.3077 0.3528940619618268
4.0 0.3077 0.3530471697835287
-4.0 0.5128 1.1685876920238023
-3.7949 0.5128 0.31044876690859624
-3.5897 0.5128 -0.3936692247759801
-3.3846 0.5128 -0.9460357531632759
-3.1795 0.5128 -1.3518391402920145
-2.9744 0.5128 -1.618125977526848
-2.7692 0.5128 -1.7538601254412036
-2.5641 0.5128 -1.7687504429902212
-2.359 0.5128 -1.6743549083236715
-2.1538 0.5128 -1.4834777437420357
-1.9487 0.5128 -1.2096857518043365
-1.7436 0.5128 -0.8692282835619949
-1.5385 0.5128 -0.4806478733744868
-1.3333 0.5128 -0.06564334436776775
-1.1282 0.5128 0.3522615568548666
-0.9231 0.5128 0.747122952133445
-0.7179 0.5128 1.0932332181206554
-0.5128 0.5128 1.368870283249013
-0.3077 0.5128 1.5571783787818045
-0.1026 0.5128 1.6501445941734705
0.1026 0.5128 1.6495859460842208
0.3077 0.5128 1.5692915425564777
0.5128 0.5128 1.4306561682553536
0.7179 0.5128 1.2609180428781572
0.9231 0.5128 1.0874161081892373
1.1282 0.5128 0.9341990223962782
1.3333 0.5128 0.8158226488526985
1.5385 0.5128 0.7374434212242873
1.7436 0.5128 0.6963632095888137
1.9487 0.5128 0.683178557181761
2.1538 0.5128 0.68611875386995
2.359 0.5128 0.6935710149640872
2.5641 0.5128 0.696373546100872
2.7692 0.5128 0.6883703356801019
2.9744 0.5128 0.6669789829568926
3.1795 0.5128 0.6328975143365816
3.3846 0.5128 0.589378259790343
3.5897 0.5128 0.5416628503270471
3.7949 0.5128 0.496264179709756
4.0 0.5128 0.4603809712684179
-4.0 0.7179 0.9669435670611293
-3.7949 0.7179 -0.005879156494344784
-3.5897 0.7179 -0.8079269970181606
-3.3846 0.7179 -1.4404583978303833
-3.1795 0.7179 -1.9079927527300455
-2.9744 0.7179 -2.2172684327905294
-2.7692 0.7179 -2.377388666929683
-2.5641 0.7179 -2.398678205776875
-2.359 0.7179 -2.2939325775478103
-2.1538 0.7179 -2.077858974468853
-1.9487 0.7179 -1.7665637989595773
-1.7436 0.7179 -1.3795252204011668
-1.5385 0.7179 -0.9390060093888231
-1.3333 0.7179 -0.4707279854347597
-1.1282 0.7179 -0.002059695510162385
-0.9231 0.7179 0.43748942609326136
-0.7179 0.7179 0.8193125924822162
-0.5128 0.7179 1.1199639485080564
-0.3077 0.7179 1.3217989186341548
-0.1026 0.7179 1.417362233291989
0.1026 0.7179 1.4102574659161142
0.3077 0.7179 1.3176801167875158
0.5128 0.7179 1.1651333980278586
0.7179 0.7179 0.9845661208790935
0.9231 0.7179 0.8076814280878883
1.1282 0.7179 0.6621668505126372
1.3333 0.7179 0.5642462389115579
1.5385 0.7179 0.5188958211990675
1.7436 0.7179 0.5217260747419097
1.9487 0.7179 0.5601398782390081
2.1538 0.7179 0.618555989780992
2.359 0.7179 0.6813548686785804
2.5641 0.7179 0.7357069514191559
2.7692 0.7179 0.7721613630281317
2.9744 0.7179 0.7854507922542595
3.1795 0.7179 0.7742716102048743
3.3846 0.7179 0.7403979495781039
3.5897 0.7179 0.6881538816368793
3.7949 0.7179 0.623597076325388
4.0 0.7179 0.553928058468133
-4.0 0.9231 0.7870004757842999
-3.7949 0.9231 -0.30207506319149857
-3.5897 0.9231 -1.2036500175124942
-3.3846 0.9231 -1.9179488753807554
-3.1795 0.9231 -2.448788749172511
-2.9744 0.9231 -2.8025793510712056
-2.7692 0.9231 -2.988534698955995
-2.5641 0.9231 -3.0175791557365947
-2.359 0.9231 -2.9037217600647978
-2.1538 0.9231 -2.663556379785067
-1.9487 0.9231 -2.3156966395662337
-1.7436 0.9231 -1.882815649678225
-1.5385 0.9231 -1.390839542905475
-1.3333 0.9231 -0.869452405249163
-1.1282 0.9231 -0.34981387530922703
-0.9231 0.9231 0.13500839093647699
-0.7179 0.9231 0.5534525409067861
-0.5128 0.9231 0.8801821838363111
-0.3077 0.9231 1.0965161267607755
-0.1026 0.9231 1.1952393961345678
0.1026 0.9231 1.1814382625716249
0.3077 0.9231 1.0754718787002258
0.5128 0.9231 0.906856580074253
0.7179 0.9231 0.7123229712839283
0.9231 0.9231 0.528165200867182
1.1282 0.9231 0.386042609796891
1.3333 0.9231 0.30421944699434356
1.5385 0.9231 0.2878259151615916
1.7436 0.9231 0.3310393986434996
1.9487 0.9231 0.41822853592369924
2.1538 0.9231 0.5300710790956749
2.359 0.9231 0.6469390796936054
2.5641 0.9231 0.7522919174281593
2.7692 0.9231 0.8333007996852893
2.9744 0.9231 0.8819319509272092
3.1795 0.9231 0.8947915812118445
3.3846 0.9231 0.872091598864
3.5897 0.9231 0.81716057780869
3.7949 0.9231 0.7355338444200328
4.0 0.9231 0.6343525216777446
-4.0 1.1282 0.6501402906350435
-3.7949 1.1282 -0.5571138898788028
-3.5897 1.1282 -1.5601880624448157
-3.3846 1.1282 -2.358248595876013
-3.1795 1.1282 -2.9543930648773937
-2.9744 1.1282 -3.35468044909285
-2.7692 1.1282 -3.568423389691734
-2.5641 1.1282 -3.60712501396997
-2.359 1.1282 -3.485996337613866
-2.1538 1.1282 -3.2234910208339542
-1.9487 1.1282 -2.8407046247308863
-1.7436 1.1282 -2.363447046086094
-1.5385 1.1282 -1.8212420195099952
-1.3333 1.1282 -1.2476583766550107
-1.1282 1.1282 -0.677591858394905
-0.9231 1.1282 -0.14764891126772994
-0.7179 1.1282 0.3075746917604647
-0.5128 1.1282 0.6606823777572721
-0.3077 1.1282 0.8916868950017403
-0.1026 1.1282 0.9932973351481387
0.1026 1.1282 0.9717744096570531
0.3077 1.1282 0.8504233076515195
0.5128 1.1282 0.6626997890007971
0.7179 1.1282 0.4502148916969464
0.9231 1.1282 0.254108877860042
1.1282 1.1282 0.11037660234282498
1.3333 1.1282 0.0397026726440588
1.5385 1.1282 0.04770612191527501
1.7436 1.1282 0.12739315164040566
1.9487 1.1282 0.26024150947866076
2.1538 1.1282 0.42324680464037634
2.359 1.1282 0.5927529781355121
2.5641 1.1282 0.7484514815157516
2.7692 1.1282 0.874051715077166
2.9744 1.1282 0.9586512290407458
3.1795 1.1282 0.9966768428699908
3.3846 1.1282 0.9866879978756251
3.5897 1.1282 0.9309348625304885
3.7949 1.1282 0.8343622782430232
4.0 1.1282 0.703987381775804
-4.0 1.3333 0.5803462684049414
-3.7949 1.3333 -0.7474320229899121
-3.5897 1.3333 -1.8544124938902122
-3.3846 1.3333 -2.7386890142038496
-3.1795 1.3333 -3.4026285339299704
-2.9744 1.3333 -3.851926448996796
-2.7692 1.3333 -4.095985796859715
-2.5641 1.3333 -4.146882905032161
-2.359 1.3333 -4.021014067666826
-2.1538 1.3333 -3.738669107503778
-1.9487 1.3333 -3.32338302521741
-1.7436 1.3333 -2.804042729801072
-1.5385 1.3333 -2.2136852636154174
-1.3333 1.3333 -1.5896795629459
-1.1282 1.3333 -0.9705906141054719
-0.9231 1.3333 -0.3965642683254309
-0.7179 1.3333 0.0946880172276181
-0.5128 1.3333 0.4735158872993068
-0.3077 1.3333 0.7183478198018918
-0.1026 1.3333 0.8214965667001088
0.1026 1.3333 0.7901002276139621
0.3077 1.3333 0.6502188200120642
0.5128 1.3333 0.4392021055675617
0.7179 1.3333 0.20368359727818053
0.9231 1.3333 -0.010066668102762577
1.1282 1.3333 -0.16132273439567246
1.3333 1.3333 -0.22658053965088865
1.5385 1.3333 -0.19939147783066646
1.7436 1.3333 -0.08766971102940602
1.9487 1.3333 0.08730840110480687
2.1538 1.3333 0.2988933003150822
2.359 1.3333 0.5193665909179553
2.5641 1.3333 0.7245802035666278
2.7692 1.3333 0.8946771797532411
2.9744 1.3333 1.015782238330881
3.1795 1.3333 1.0800401452142883
3.3846 1.3333 1.0842600575976409
3.5897 1.3333 1.0295328839459312
3.7949 1.3333 0.9201310955702842
4.0 1.3333 0.7628884187136381
-4.0 1.5385 0.5992066045706821
-3.7949 1.5385 -0.8518502839849944
-3.5897 1.5385 -2.0655689152200623
-3.3846 1.5385 -3.038964354157578
-3.1795 1.5385 -3.7736680361030253
-2.9744 1.5385 -4.275011732401019
-2.7692 1.5385 -4.552482497501082
-2.5641 1.5385 -4.618725650136273
-2.359 1.5385 -4.491309045379115
-2.1538 1.5385 -4.19232977143615
-1.9487 1.5385 -3.7477090918707283
-1.7436 1.5385 -3.189334970363152
-1.5385 1.5385 -2.553662299965314
-1.3333 1.5385 -1.881763038859738
-1.1282 1.5385 -1.215809448313511
-0.9231 1.5385 -0.5994907458307104
-0.7179 1.5385 -0.07374339096833893
-0.5128 1.5385 0.3293204352726704
-0.3077 1.5385 0.5862537716373879
-0.1026 1.5385 0.688649475196172
0.1026 1.5385 0.6442337398067295
0.3077 1.5385 0.4816481537811441
0.5128 1.5385 0.24213053628180248
0.7179 1.5385 -0.02249946908069056
0.9231 1.5385 -0.26051192963772873
1.1282 1.5385 -0.4260325828903193
1.3333 1.5385 -0.492323820139144
1.5385 1.5385 -0.4517572044948448
1.7436 1.5385 -0.312917460507554
1.9487 1.5385 -0.09971840951775346
2.1538 1.5385 0.15757077250812312
2.359 1.5385 0.4271210007838818
2.5641 1.5385 0.6808545890471006
2.7692 1.5385 0.8952360704859517
2.9744 1.5385 1.0532970988293624
3.1795 1.5385 1.1447929892952344
3.3846 1.5385 1.1646827905695523
3.5897 1.5385 1.1128028014209126
3.7949 1.5385 0.9926798535896668
4.0 1.5385 0.8108902991129785
-4.0 1.7436 0.7202317012415378
-3.7949 1.7436 -0.8572052507321501
-3.5897 1.7436 -2.180850110594733
-3.3846 1.7436 -3.2466402138890373
-3.1795 1.7436 -4.05547156479593
-2.9744 1.7436 -4.612316262682256
-2.7692 1.7436 -4.926749153544975
-2.5641 1.7436 -5.0119762222651545
-2.359 1.7436 -4.886720664322112
-2.1538 1.7436 -4.5748476839305
-1.9487 1.7436 -4.104594516612181
-1.7436 1.7436 -3.5107566019838465
-1.5385 1.7436 -2.833093676135924
-1.3333 1.7436 -2.1162796833797266
-1.1282 1.7436 -1.4060302620697946
-0.9231 1.7436 -0.7496010279375334
-0.7179 1.7436 -0.1912740074919519
-0.5128 1.7436 0.23414694521978063
-0.3077 1.7436 0.5010313227400438
-0.1026 1.7436 0.5999243677705302
0.1026 1.7436 0.5388568170312951
0.3077 1.7436 0.3488929252512811
0.5128 1.7436 0.07515991719438553
0.7179 1.7436 -0.22513746199238938
0.9231 1.7436 -0.4944747085337706
1.1282 1.7436 -0.6813858175146486
1.3333 1.7436 -0.7554774775669442
1.5385 1.7436 -0.7075933121163032
1.7436 1.7436 -0.5467429186574992
1.9487 1.7436 -0.29936453481152414
2.1538 1.7436 6.65442717503073E-4
2.359 1.7436 0.31734590828789844
2.5641 1.7436 0.6185768393780195
2.7692 1.7436 0.8770190927507695
2.9744 1.7436 1.0724916882489568
3.1795 1.7436 1.1922481381353665
3.3846 1.7436 1.2292856893654829
3.5897 1.7436 1.1821026135145791
3.7949 1.7436 1.053392355801266
4.0 1.7436 0.8494118191979925
-4.0 1.9487 0.9556657620085716
-3.7949 1.9487 -0.751523287428121
-3.5897 1.9487 -2.188558038721503
-3.3846 1.9487 -3.3503025342974126
-3.1795 1.9487 -4.236926073053098
-2.9744 1.9487 -4.853049588924144
-2.7692 1.9487 -5.208339141912546
-2.5641 1.9487 -5.316556878380283
-2.359 1.9487 -5.1975561585443515
-2.1538 1.9487 -4.8769208882941655
-1.9487 1.9487 -4.385124273196531
-1.7436 1.9487 -3.7597609088838055
-1.5385 1.9487 -3.0437812531538526
-1.3333 1.9487 -2.285353010070253
-1.1282 1.9487 -1.5336918853095405
-0.9231 1.9487 -0.8396560923483563
-0.7179 1.9487 -0.25102297762828485
-0.5128 1.9487 0.19446437453133925
-0.3077 1.9487 0.46867512262943123
-0.1026 1.9487 0.5607703623765303
0.1026 1.9487 0.4788145090831186
0.3077 1.9487 0.2561469141303192
0.5128 1.9487 -0.05818598146973386
0.7179 1.9487 -0.4013791912167477
0.9231 1.9487 -0.7097373447214235
1.1282 1.9487 -0.925744305620773
1.3333 1.9487 -1.0149102563381147
1.5385 1.9487 -0.9661931891903279
1.7436 1.9487 -0.7887833629313359
1.9487 1.9487 -0.5115388586653894
2.1538 1.9487 -0.17193958428724387
2.359 1.9487 0.18976933329057655
2.5641 1.9487 0.5373561266835805
2.7692 1.9487 0.8395524808523414
2.9744 1.9487 1.072829765950913
3.1795 1.9487 1.2218206645488454
3.3846 1.9487 1.2774565707735954
3.5897 1.9487 1.2367960963538627
3.7949 1.9487 1.101620169198589
4.0 1.9487 0.8777964188424887
-4.0 2.1538 1.310827528781644
-3.7949 2.1538 -0.5296383854256632
-3.5897 2.1538 -2.0836753674822717
-3.3846 2.1538 -3.345083026343822
-3.1795 2.1538 -4.3133159139591015
-2.9744 2.1538 -4.992652294004358
-2.7692 2.1538 -5.392854818437435
-2.5641 2.1538 -5.528231988055666
-2.359 2.1538 -5.419735602898349
-2.1538 2.1538 -5.094610352289983
-1.9487 2.1538 -4.585475758477443
-1.7436 2.1538 -3.9326102825064737
-1.5385 2.1538 -3.182032287509891
-1.3333 2.1538 -2.385314361169435
-1.1282 2.1538 -1.5951332419083712
-0.9231 2.1538 -0.866014900100474
-0.7179 2.1538 -0.2494001845171674
-0.5128 2.1538 0.2137611621931228
-0.3077 2.1538 0.4925076559559862
-0.1026 2.1538 0.5742872353402184
0.1026 2.1538 0.46691772588830105
0.3077 2.1538 0.20588514478194142
0.5128 2.1538 -0.15580123086680508
0.7179 2.1538 -0.5494943764793163
0.9231 2.1538 -0.9049438643046237
1.1282 2.1538 -1.158096388531142
1.3333 2.1538 -1.2699106491563859
1.5385 2.1538 -1.2270958041187718
1.7436 2.1538 -1.0387783419557317
1.9487 2.1538 -0.7361338109153064
2.1538 2.1538 -0.36025180985701266
2.359 2.1538 0.04430172843950286
2.5641 2.1538 0.4370476663162641
2.7692 2.1538 0.7826497916165254
2.9744 2.1538 1.0540988990582525
3.1795 2.1538 1.2332861208557704
3.3846 2.1538 1.3089611901542764
3.5897 2.1538 1.2766474348704842
3.7949 2.1538 1.1371306997241586
4.0 2.1538 0.8958144790628486
-4.0 2.359 1.787180482414513
-3.7949 2.359 -0.19012738819017727
-3.5897 2.359 -1.8648072018563155
-3.3846 2.359 -3.2296053113134064
-3.1795 2.359 -4.2832723202160565
-2.9744 2.359 -5.0297520830226645
-2.7692 2.359 -5.478909335729014
-2.5641 2.359 -5.645582216574567
-2.359 2.359 -5.551787404186868
-2.1538 2.359 -5.226365754982858
-1.9487 2.359 -4.703984310350336
-1.7436 2.359 -4.027491341626138
-1.5385 2.359 -3.245858846794775
-1.3333 2.359 -2.4139842084580536
-1.1282 2.359 -1.5879938925853878
-0.9231 2.359 -0.8261677841327
-0.7179 2.359 -0.18380414026835723
-0.5128 2.359 0.29466340626807863
-0.3077 2.359 0.5751022942768742
-0.1026 2.359 0.6429092019532057
0.1026 2.359 0.5053938728730536
0.3077 2.359 0.2000629123315676
0.5128 2.359 -0.2160508857226784
0.7179 2.359 -0.6682030853775842
0.9231 2.359 -1.0791709992018248
1.1282 2.359 -1.3778641488360712
1.3333 2.359 -1.5202144525627421
1.5385 2.359 -1.4903101689716611
1.7436 2.359 -1.2969603044303355
1.9487 2.359 -0.9735623109914462
2.1538 2.359 -0.564822895293817
2.359 2.359 -0.11971738301071921
2.5641 2.359 0.31691039567632107
2.7692 2.359 0.7055105315439443
2.9744 2.359 1.0154553784186255
3.1795 2.359 1.2257650133496254
3.3846 2.359 1.3228947940002174
3.5897 2.359 1.3007340131759273
3.7949 2.359 1.1589843051171584
4.0 2.359 0.9025160458064114
-4.0 2.5641 2.376439879722362
-3.7949 2.5641 0.25880116071117243
-3.5897 2.5641 -1.5400624237800358
-3.3846 2.5641 -3.011851764112386
-3.1795 2.5641 -4.154623088549549
-2.9744 2.5641 -4.971995911192124
-2.7692 2.5641 -5.47392999319991
-2.5641 2.5641 -5.675778973657636
-2.359 2.5641 -5.6005795466344495
-2.1538 2.5641 -5.2786975809542085
-1.9487 2.5641 -4.74674888959013
-1.7436 2.5641 -4.050041510260009
-1.5385 2.5641 -3.240394989023052
-1.3333 2.5641 -2.3759688971370068
-1.1282 2.5641 -1.5163521158223645
-0.9231 2.5641 -0.7236802421504578
-0.7179 2.5641 -0.05731497611729708
-0.5128 2.5641 0.43453058320424276
-0.3077 2.5641 0.7142156419396564
-0.1026 2.5641 0.7647511969514049
0.1026 2.5641 0.5926704861435468
0.3077 2.5641 0.23738420679087469
0.5128 2.5641 -0.23999546291694074
0.7179 2.5641 -0.7583602035132131
0.9231 2.5641 -1.2331000282976134
1.1282 2.5641 -1.5855734910560582
1.3333 2.5641 -1.7662154359555844
1.5385 2.5641 -1.7561054991221883
1.7436 2.5641 -1.5634858504618818
1.9487 2.5641 -1.2238760580358654
2.1538 2.5641 -0.7856091359195161
2.359 2.5641 -0.30215643445926066
2.5641 2.5641 0.17715313620312578
2.7692 2.5641 0.6084144907872444
2.9744 2.5641 0.957238223203353
3.1795 2.5641 1.1996524616891557
3.3846 2.5641 1.3197022361512172
3.5897 2.5641 1.3095427689472352
3.7949 2.5641 1.1677080323319178
4.0 2.5641 0.8984618453071853
-4.0 2.7692 3.071275827302159
-3.7949 2.7692 0.8099671151482966
-3.5897 2.7692 -1.1164432602480048
-3.3846 2.7692 -2.6986194636654943
-3.1795 2.7692 -3.9339270836864486
-2.9744 2.7692 -4.825662112713346
-2.7692 2.7692 -5.383877602994282
-2.5641 2.7692 -5.624412692448708
-2.359 2.7692 -5.571283329677222
-2.1538 2.7692 -5.256310306168444
-1.9487 2.7692 -4.717963173738305
-1.7436 2.7692 -4.003908160534792
-1.5385 2.7692 -3.1687295063980727
-1.3333 2.7692 -2.273809992456165
-1.1282 2.7692 -1.3822290086341695
-0.9231 2.7692 -0.5601089931597087
-0.7179 2.7692 0.12890577761129407
-0.5128 2.7692 0.6325246354141214
-0.3077 2.7692 0.9092562616309472
-0.1026 2.7692 0.9393926641578645
0.1026 2.7692 0.7284319391952181
0.3077 2.7692 0.31756930001442285
0.5128 2.7692 -0.22793053037874245
0.7179 2.7692 -0.8203282809316566
0.9231 2.7692 -1.367192674448896
1.1282 2.7692 -1.781808651209456
1.3333 2.7692 -2.0086129907396026
1.5385 2.7692 -2.02529377008694
1.7436 2.7692 -1.839264213824298
1.9487 2.7692 -1.4880649288530183
2.1538 2.7692 -1.0236621610732852
2.359 2.7692 -0.5041133288288453
2.5641 2.7692 0.016642294782681866
2.7692 2.7692 0.4901991412350739
2.9744 2.7692 0.8782673706090742
3.1795 2.7692 1.1537534737119781
3.3846 2.7692 1.2981738583145717
3.5897 2.7692 1.3018546992995752
3.7949 2.7692 1.1620732007843593
4.0 2.7692 0.8824157511250892
-4.0 2.9744 3.861952414472455
-3.7949 2.9744 1.4538356398529118
-3.5897 2.9744 -0.6032542574414634
-3.3846 2.9744 -2.2989418562310178
-3.1795 2.9744 -3.6299064759303192
-2.9744 2.9744 -4.599118007912736
-2.7692 2.9744 -5.216706881984116
-2.5641 2.9744 -5.498976533481738
-2.359 2.9744 -5.470873338705459
-2.1538 2.9744 -5.165604079620792
-1.9487 2.9744 -4.623411807337348
-1.7436 2.9744 -3.894234707891208
-1.5385 2.9744 -3.0353568691649713
-1.3333 2.9744 -2.1113666232876938
-1.1282 2.9744 -1.1888908727339214
-0.9231 2.9744 -0.3381819591931787
-0.7179 2.9744 0.3726011215722167
-0.5128 2.9744 0.8867890018740923
-0.3077 2.9744 1.1586986494557223
-0.1026 2.9744 1.1655753045081205
0.1026 2.9744 0.9116167426079294
0.3077 2.9744 0.4396960781038928
0.5128 2.9744 -0.1807037222391088
0.7179 2.9744 -0.8549277992504596
0.9231 2.9744 -1.4822861162350023
1.1282 2.9744 -1.9674470034080294
1.3333 2.9744 -2.248347502895343
1.5385 2.9744 -2.298877758659269
1.7436 2.9744 -2.1253551125240007
1.9487 2.9744 -1.7672362018026997
2.1538 2.9744 -1.2801294126614207
2.359 2.9744 -0.7267690586505413
2.5641 2.9744 -0.16582658937585038
2.7692 2.9744 0.3496429237747716
2.9744 2.9744 0.7773030344689964
3.1795 2.9744 1.0868147510430237
3.3846 2.9744 1.2570477042399375
3.5897 2.9744 1.2763974567469187
3.7949 2.9744 1.1407989457504009
4.0 2.9744 0.8530910150191335
-4.0 3.1795 4.731665815686682
-3.7949 3.1795 2.173839349578415
-3.5897 3.1795 -0.016788701993483812
-3.3846 3.1795 -1.8288013297448558
-3.1795 3.1795 -3.258181971658267
-2.9744 3.1795 -4.307565993067783
-2.7692 3.1795 -4.987142989569399
-2.5641 3.1795 -5.313650844053171
-2.359 3.1795 -5.312915562853583
-2.1538 3.1795 -5.019472698039884
-1.9487 3.1795 -4.475262036398846
-1.7436 3.1795 -3.7324245468218678
-1.5385 3.1795 -2.8508973998218607
-1.3333 3.1795 -1.8984768653470994
-1.1282 3.1795 -0.9454139557774042
-0.9231 3.1795 -0.06623878153922647
-0.7179 3.1795 0.6661424730879517
-0.5128 3.1795 1.1903811168603724
-0.3077 3.1795 1.456269100028024
-0.1026 3.1795 1.437678959982307
0.1026 3.1795 1.137253406367286
0.3077 3.1795 0.5994176457050884
0.5128 3.1795 -0.10205998814202033
0.7179 3.1795 -0.8653456848607064
0.9231 3.1795 -1.5810544651476661
1.1282 3.1795 -2.1447073216631445
1.3333 3.1795 -2.487234252059957
1.5385 3.1795 -2.578324227258885
1.7436 3.1795 -2.4229302572155142
1.9487 3.1795 -2.0623098571186227
2.1538 3.1795 -1.5557200772262911
2.359 3.1795 -0.9706534917108183
2.5641 3.1795 -0.3706355973125737
2.7692 3.1795 0.18648477785915407
2.9744 3.1795 0.6541895819598214
3.1795 3.1795 0.9987649428514604
3.3846 3.1795 1.196323588136126
3.5897 3.1795 1.2332293529342966
3.7949 3.1795 1.10399542129778
4.0 3.1795 0.8106355343565177
-4.0 3.3846 5.668530719470276
-3.7949 3.3846 2.9583146061028955
-3.5897 3.3846 0.6315386683214115
-3.3846 3.3846 -1.2993214202119532
-3.1795 3.3846 -2.8295459507791776
-2.9744 3.3846 -3.961414206060333
-2.7692 3.3846 -4.705155737462498
-2.5641 3.3846 -5.077908311011463
-2.359 3.3846 -5.106336485603364
-2.1538 3.3846 -4.826243281794838
-1.9487 3.3846 -4.28120807464574
-1.7436 3.3846 -3.5255202047412126
-1.5385 3.3846 -2.6217488824138897
-1.3333 3.3846 -1.6409183157206257
-1.1282 3.3846 -0.6569903496530642
-0.9231 3.3846 0.2510628121021625
-0.7179 3.3846 1.0053557409491916
-0.5128 3.3846 1.5395645566979326
-0.3077 3.3846 1.7986282058320953
-0.1026 3.3846 1.7527223158814493
0.1026 3.3846 1.4026793977438743
0.3077 3.3846 0.7943519006533215
0.5128 3.3846 0.00585385183813969
0.7179 3.3846 -0.8535370067794972
0.9231 3.3846 -1.665309155101932
1.1282 3.3846 -2.315295187342846
1.3333 3.3846 -2.726905480665197
1.5385 3.3846 -2.865216849210793
1.7436 3.3846 -2.733536097809511
1.9487 3.3846 -2.3748080312855673
2.1538 3.3846 -1.8519354802420085
2.359 3.3846 -1.2372547157624005
2.5641 3.3846 -0.5992641488796968
2.7692 3.3846 -7.440545734045401E-4
2.9744 3.3846 0.5074612781814896
3.1795 3.3846 0.8881420028442033
3.3846 3.3846 1.1145381218862553
3.5897 3.3846 1.1708889278672245
3.7949 3.3846 1.0501956551460943
4.0 3.3846 0.7535826578177893
-4.0 3.5897 6.659102285525904
-3.7949 3.5897 3.794014049052919
-3.5897 3.5897 1.3287128865554791
-3.3846 3.5897 -0.7232556068491363
-3.1795 3.5897 -2.356441618186963
-2.9744 3.5897 -3.572753679617776
-2.7692 3.5897 -4.382428215508114
-2.5641 3.5897 -4.802971731108073
-2.359 3.5897 -4.861845085806692
-2.1538 3.5897 -4.596065158738007
-1.9487 3.5897 -4.050805389262742
-1.7436 3.5897 -3.2824688235434394
-1.5385 3.5897 -2.356248068909238
-1.3333 3.5897 -1.3464314068986596
-1.1282 3.5897 -0.3307931405199156
-0.9231 3.5897 0.6070908814077782
-0.7179 3.5897 1.3841240393762106
-0.5128 3.5897 1.9287167709333985
-0.3077 3.5897 2.1806336405742357
-0.1026 3.5897 2.106040501079228
0.1026 3.5897 1.7036947915147849
0.3077 3.5897 1.0207513395641605
0.5128 3.5897 0.139715140554042
0.7179 3.5897 -0.8224378843323734
0.9231 3.5897 -1.737640879596512
1.1282 3.5897 -2.4815046951736335
1.3333 3.5897 -2.9694072147108868
1.5385 3.5897 -3.1613908124689827
1.7436 3.5897 -3.0588378250711847
1.9487 3.5897 -2.706255951353904
2.1538 3.5897 -2.170188769457111
2.359 3.5897 -1.5278922326561881
2.5641 3.5897 -0.8529559153680131
2.7692 3.5897 -0.21323007506216207
2.9744 3.5897 0.3359807506581127
3.1795 3.5897 0.753846771560827
3.3846 3.5897 1.0106252720230504
3.5897 3.5897 1.0883306735939176
3.7949 3.5897 0.9783732886567815
4.0 3.5897 0.6809177716218731
-4.0 3.7949 7.692758752544876
-3.7949 3.7949 4.670481145812602
-3.5897 3.7949 2.0644609578072135
-3.3846 3.7949 -0.11065949186141211
-3.1795 3.7949 -1.8486794267199116
-2.9744 3.7949 -3.151103701192966
-2.7692 3.7949 -4.028147583542236
-2.5641 3.7949 -4.497651348098472
-2.359 3.7949 -4.58782734953121
-2.1538 3.7949 -4.336868570304318
-1.9487 3.7949 -3.7915068921561925
-1.7436 3.7949 -3.01023469327383
-1.5385 3.7949 -2.060874431537364
-1.3333 3.7949 -1.021031055554701
-1.1282 3.7949 0.02760188015642484
-0.9231 3.7949 0.996678942435274
-0.7179 3.7949 1.7976652865120357
-0.5128 3.7949 2.3534245103686118
-0.3077 3.7949 2.598232098943761
-0.1026 3.7949 2.4939275176517555
0.1026 3.7949 2.0369366181902606
0.3077 3.7949 1.2755766175771406
0.5128 3.7949 0.29678121959013737
0.7179 3.7949 -0.7745255469719083
0.9231 3.7949 -1.8003044644456985
1.1282 3.7949 -2.645411440916602
1.3333 3.7949 -3.2166713940829608
1.5385 3.7949 -3.4686718631623297
1.7436 3.7949 -3.4005768863378085
1.9487 3.7949 -3.058330660387741
2.1538 3.7949 -2.512107796775317
2.359 3.7949 -1.8441594437726634
2.5641 3.7949 -1.1332761172397916
2.7692 3.7949 -0.45251672401420784
2.9744 3.7949 0.1382173602746235
3.1795 3.7949 0.5943575492280058
3.3846 3.7949 0.8830663515598935
3.5897 3.7949 0.9840397615147154
3.7949 3.7949 0.8870138411431352
4.0 3.7949 0.5911237693817633
-4.0 4.0 8.753889137113873
-3.7949 4.0 5.572226812710852
-3.5897 4.0 2.8234412764039263
-3.3846 4.0 0.5232937863753762
-3.1795 4.0 -1.3212262526212868
-2.9744 4.0 -2.711191729269842
-2.7692 4.0 -3.656760402134722
-2.5641 4.0 -4.176066586808929
-2.359 4.0 -4.298038214671408
-2.1538 4.0 -4.0620039527710645
-1.9487 4.0 -3.5162246322237536
-1.7436 4.0 -2.7212738916825288
-1.5385 4.0 -1.747617351454494
-1.3333 4.0 -0.6762334685289488
-1.1282 4.0 0.4071577654235199
-0.9231 4.0 1.4092839869932021
-0.7179 4.0 2.2359569174356295
-0.5128 4.0 2.804219654493025
-0.3077 4.0 3.042560703679456
-0.1026 4.0 2.9081865146655517
0.1026 4.0 2.3949262562856504
0.3077 4.0 1.5521114523909603
0.5128 4.0 0.471124890418249
0.7179 4.0 -0.714949638431392
0.9231 4.0 -1.8577037872150726
1.1282 4.0 -2.8107281074534463
1.3333 4.0 -3.471793151546761
1.5385 4.0 -3.7896131701168883
1.7436 4.0 -3.760846694054026
1.9487 4.0 -3.4327387990884075
2.1538 4.0 -2.879079558935744
2.359 4.0 -2.1871776662899975
2.5641 4.0 -1.4411305686556135
2.7692 4.0 -0.719336023140217
2.9744 4.0 -0.08641650241150067
3.1795 4.0 0.40920373848801006
3.3846 4.0 0.7314864723405883
3.5897 4.0 0.8577187583709112
3.7949 4.0 0.7758833366990459
4.0 4.0 0.48402063093614345
